      311785
  1.2764e+06
 4.34788e+06
       77060
     63378.1
      226808
      103523
      244663
      919432
     -202254
     -145824
     -671961
      753390
      690035
 1.86632e+06
    -25185.4
      -20816
     -281235
    -16103.5
    -19210.5
    -21263.7
     33175.1
     -421384
     -825631
     -205676
     -339172
     -946933
     42103.8
       74253
      269848
     -285575
    -65284.5
     -389243
     7607.62
     770.683
     14518.1
     -151810
     -135894
     -621509
    -91468.9
     -138559
     -508067
     28089.7
    -25028.9
    -11196.3
     -457568
     -374969
 -1.4988e+06
-1.38905e+06
     -818368
-4.55143e+06
     54579.3
     2595.13
      102663
     13153.7
    -46272.4
    -57052.2
    -14510.2
      137794
      286801
     11406.7
     13299.4
      102889
       49270
      2587.4
     64555.8
     -217077
     -153871
     -739828
     16686.8
     59669.5
      233532
    -4238.88
     -609422
-1.26843e+06
      301335
      175233
      842121
      100019
    -20231.3
      486011
     17206.7
      232147
      534964
     -173813
     -239626
     -899857
      172541
     76104.8
      490130
    -2290.68
    -19135.7
    -78554.1
    -8762.91
    -20015.9
    -16484.6
      178384
       14134
      399924
    -6398.12
    -9466.37
     17840.7
     88533.1
     25118.9
      223377
    -10084.8
     13957.9
    -1746.96
      121988
     38571.3
      -18024
    -14157.3
    -10258.6
    -18686.8
     -469015
     84161.3
     -516393
    -4622.95
    -15145.3
     -450.21
      463212
 1.50082e+06
  6.2689e+06
      263323
      312824
 1.22989e+06
    -21152.1
    -3610.01
    -18783.9
    -53984.9
    -48264.3
     -184644
     -519044
     -107466
     -180585
    -26641.7
    -14291.2
    -28779.8
    -77166.1
     -153740
     -218560
     34171.3
    -616.162
     98025.3
      -99769
    -16338.7
     -209477
      -55585
    -19310.4
     -194361
     16576.9
    -71057.8
     -224899
    -10849.9
    -1164.76
    -8029.72
    -28917.6
    -13756.1
     -109304
-1.65671e+07
-1.10942e+07
  -8.417e+07
       21273
     66612.1
      181833
     17186.7
      105126
      180799
     -201248
     -198626
     -793375
    -93983.3
    -24323.6
     -339982
     17642.2
     -171840
     -413441
 2.94225e+07
 1.94085e+07
 1.47957e+08
     58166.4
     44095.8
      270612
     38026.5
     -195550
     -377079
      421112
 1.36568e+06
 3.55399e+06
      9568.9
     1410.05
     11063.4
    -21639.1
    -29654.7
     -110086
     27650.3
    -691.854
    -62531.6
     -158100
    -39401.9
     -339762
     55836.4
       43769
      117616
      -90465
    -16261.3
     -376639
    -67636.5
     -5912.3
     -188459
     -485425
    -64068.9
-1.43491e+06
     6977.95
      -10248
     32484.2
     31995.9
     10702.7
     60354.7
    -14458.2
     965.171
    -51993.2
      522957
      891193
 2.04149e+06
      118562
      127746
      446275
    -11022.4
    -35006.4
     -104477
     39726.5
    -30849.7
    -5670.99
      156433
     55050.5
      148185
    -22628.6
     9590.34
      -44320
-1.12583e+06
     -888364
-3.69956e+06
      782311
      772793
 1.91208e+06
    -5598.34
    -12838.4
     -6094.7
     -118437
     -101878
     -362041
    -78089.6
    -39733.7
     -199514
     68977.6
     9974.78
      189749
       13632
      9383.3
     45613.6
     61326.3
     6046.84
      255321
    -5570.13
    -22234.6
    -65556.1
     37091.8
     52830.5
      247718
      166660
     44356.9
      351202
     -208770
     -340644
-1.48726e+06
    -62892.8
     -112689
     -484096
     -240360
     13791.8
     -405646
      378582
      293162
 1.27459e+06
      -54494
    -56786.6
     -256695
    -13060.8
    -61031.4
     -165635
     8860.17
     6466.45
      895.34
      155720
     62540.1
      691684
    -71785.8
    -71098.3
     -271439
     5046.26
     19873.9
     10109.5
-1.68846e+06
     4031.32
-4.58251e+06
     32916.2
       63801
      179431
    -3187.39
     12322.3
     33600.1
    -12188.7
    -2809.78
    -2593.39
    -22622.5
    -935.601
    -34002.9
     -8738.3
    -10626.9
    -53203.6
    -1659.76
      -10442
    -34815.1
    -11420.6
    -66624.5
     -150066
    -10838.5
    -15312.6
    -66371.5
     40432.6
      278606
      335843
      116605
      181646
      526006
 -1.5564e+06
     -274164
-2.69105e+06
       10497
    -48971.4
    -24624.4
     -182598
    -46240.9
     -280293
    -3742.57
     -219152
     -670484
     5772.97
     1166.57
     4703.33
    -8335.18
      -17227
     4519.62
     21321.8
     16610.4
     68448.3
    -53028.5
    -40022.1
     -315987
      211965
      618671
 1.83613e+06
     40892.3
     38240.4
      126534
     -640129
     -698051
-2.55895e+06
     -140688
     -100985
     -438866
      105662
      273476
 1.13222e+06
      149434
      273391
      775320
    -3931.53
    -39881.3
    -62661.3
    -1393.03
     65869.4
      229777
     78452.5
     64007.9
      273370
    -46015.1
    -60811.7
     -115612
     82538.4
     54743.4
      115987
      796285
     47202.2
 1.12068e+06
    -13051.5
     -180530
     -528442
    -22086.9
    -28762.5
     -103319
      139730
     93802.4
      581344
      101073
      181088
      804148
     16367.9
    -222.725
     56848.7
     -598252
     -125581
-2.68864e+06
    -8240.09
    -19607.4
    -81912.9
     10362.2
       -3150
     12339.2
    -71993.5
    -99894.7
     -401339
     15909.4
    -34656.6
    -76469.6
     -408065
     -296625
-1.66046e+06
      104213
    -10181.5
      374510
     755.094
    -61602.1
     -172820
    -9311.45
    -14435.4
    -36532.4
      6033.4
     14266.8
     73771.3
    -54686.4
    -19310.1
     -146170
    -5447.82
    -7183.08
     6311.25
    -46850.1
     -110746
     -717664
     -147694
    -29923.2
     -186274
    -47977.7
    -43864.6
     -173915
     27759.4
     14544.8
     26031.5
 1.06146e+07
 7.23879e+06
 5.31564e+07
    -14094.9
     30597.1
     55242.4
    -91295.8
     -137114
     -328317
     -312824
     -245731
-1.17166e+06
     46204.2
    -17152.6
    -40969.7
    -1351.21
     29150.7
      114707
    -30513.9
     71012.6
      171146
    -69312.1
    -43825.5
     -260149
    -49209.5
    -48538.6
     -122409
    -29051.2
    -36078.8
     -152311
 2.15699e+06
      758537
 9.38576e+06
     -240494
     -263870
-1.02339e+06
     -133318
     -242224
-1.10254e+06
    -10383.8
      4163.1
    -2787.35
    -61444.6
    -36591.5
     -164366
     2993.73
     65100.9
      177033
     62622.1
     28548.8
      171468
     81664.2
      177217
      724747
    -382.762
     22432.3
     47096.7
     -207968
     -520577
-1.42079e+06
    -48616.5
    -25105.9
     -183974
      334124
      422807
 1.64148e+06
     43549.5
     15576.7
     64118.2
     86914.2
     54718.6
      298173
     -179275
     -141875
     -734554
    -31696.3
    -84625.1
     -351917
     115.012
    -20970.2
     68227.9
     15065.5
     2416.48
     6645.43
      575723
     -251374
      202597
     -100337
    -56426.7
     -753569
      446074
      345204
 1.49501e+06
    -7608.82
     29973.9
      121357
    -35547.1
     2192.99
    -62283.4
    -27917.2
     -4980.3
     -201407
     5226.52
     4110.42
     51886.8
      863018
       26843
 1.06261e+06
    -12404.5
    -5907.17
    -16273.9
      248230
      176794
 1.17494e+06
     98235.2
     5244.81
      160382
      259020
      235850
 1.18792e+06
     103.287
     1390.54
     12391.8
    -20364.7
     21649.3
     20341.4
      -94857
     -113313
     -419901
     -130789
     -189927
     -725496
 7.94851e+06
 9.10816e+06
 2.71946e+07
     24107.7
      117849
      332049
      134356
      176275
      592580
    -36586.6
    -82952.9
     -277749
     -158885
      -68518
     -372339
     3916.12
    -3844.68
    -3203.77
      396508
      117064
 1.63105e+06
     15439.3
      -14457
      1833.3
      113738
      117936
      496624
     3820.32
     6673.75
     -6976.5
     6816.11
      139204
      388436
      106433
    -33420.4
      174225
     25340.2
     332.659
     42964.9
     37600.9
     59779.7
     60596.6
     -382273
    -81399.1
     -143546
     -222244
    -77893.6
     -624983
    -69847.4
    -96854.9
     -192019
      106940
     39850.4
      323841
    -6174.68
    -6768.24
       25589
    -24291.6
    -56480.6
     -159960
     53731.6
     40421.7
      240399
      127625
      111864
      751925
     39471.8
    -85323.6
     -201500
      111899
     45895.2
      112873
      178606
      103542
      492322
    -40047.4
    -29881.9
    -26552.3
    -44532.1
    -26746.6
     -133951
    -12712.4
    -9490.24
    -59761.5
    -13797.3
    -11960.5
    -51959.7
     3920.35
      -42237
     -148974
    -6454.89
     6162.68
    -752.926
    -6886.85
    -24815.6
    -91335.4
     10877.4
     28192.5
     43705.2
     21046.7
    -4388.42
    -16745.8
     -396982
-1.02474e+06
-4.10517e+06
-1.14054e+06
     -795019
-5.05373e+06
     165.883
    -1332.56
    -49915.2
-1.20352e+06
-1.09753e+06
-3.74369e+06
    -24237.8
    -731.555
    -76189.3
    -4648.83
     5074.35
    -1020.01
      638261
      700965
 3.25119e+06
     -104479
     -104219
     -423402
     52319.4
      212136
      713531
     1888.53
    -4967.24
     7576.97
    -15794.1
    -13120.9
    -47398.4
     17384.9
    -17888.4
     57463.5
    -53632.5
      -62423
     -216094
     58016.8
      104808
      374895
     14294.5
      169270
      707334
      129810
      348568
      514447
    -77107.4
    -9465.39
     -146341
     -7358.6
     440.843
    -21540.5
    -8965.64
    -3645.45
     -121199
     -2269.4
    -10083.1
     75919.1
    -2524.86
    -7182.63
    -45749.2
      371596
 1.38532e+06
 3.36904e+06
     22098.3
     16306.3
     92809.4
    -69819.2
    -55850.6
     -245649
 -3.3243e+06
-1.70305e+06
-1.71102e+07
    -46561.6
    -54784.3
     -327350
    -22765.5
    -15699.4
    -96396.8
       14909
     19823.3
     31196.1
      459421
 1.18457e+06
 3.16333e+06
      -12656
     18804.5
    -29813.5
-1.21932e+07
-1.39628e+07
-4.18626e+07
     -130254
    -30099.8
     -335537
    -84773.4
    -54685.5
     -322128
     -376306
     -268226
-1.16997e+06
-2.88257e+06
     -137388
-4.56584e+06
     -110710
     -218110
     -623731
     9194.32
    -539.466
      -19738
      -82678
     -245300
     -494589
      260634
     93503.6
      557863
    -757.512
     8298.85
       23212
    -29397.9
    -42707.2
     -269643
    -48135.7
    -38283.4
     -183951
    -43061.9
     44195.4
     41544.6
    -32912.1
    -79500.2
     -123271
     23014.1
     68078.9
      311491
     35729.6
    -84128.9
     -294306
     -270050
     -346659
     -806725
     34136.8
     -108568
     -314674
     -126995
     -198339
     -860715
     8062.13
     3980.13
    -816.966
    -16776.1
    -5525.08
    -47796.7
      109156
     34761.7
      268784
    -23111.9
     11797.6
    -33109.6
-1.06573e+07
-1.34877e+07
-5.58092e+07
 5.52234e+06
 6.71731e+06
 2.45508e+07
-2.31807e+06
-2.62717e+06
-8.04158e+06
-2.79701e+06
-4.82956e+06
-1.73927e+07
    -1874.31
    -48234.5
    -58677.6
      104669
    -12805.7
     78365.7
     84438.5
     2126.67
      375672
    -20070.9
    -1505.78
    -77931.9
      170049
      184640
      768497
           0
           0
           0
           0
           0
           0
           0
           0
           0
           0
           0
           0
           0
           0
           0
           0
           0
           0
           0
           0
           0
           0
           0
           0
           0
           0
           0
           0
           0
           0
           0
           0
           0
           0
           0
           0
           0
           0
           0
           0
           0
           0
           0
           0
           0
           0
           0
           0
           0
           0
           0
           0
           0
           0
           0
           0
           0
           0
           0
           0
           0
           0
           0
           0
           0
           0
           0
           0
           0
           0
           0
           0
           0
           0
           0
           0
           0
           0
           0
           0
           0
           0
           0
           0
           0
           0
           0
           0
           0
           0
           0
           0
           0
           0
           0
           0
           0
           0
           0
           0
           0
           0
           0
           0
           0
           0
           0
           0
           0
           0
           0
           0
           0
           0
           0
           0
           0
           0
           0
           0
           0
           0
           0
           0
           0
           0
           0
           0
           0
           0
           0
           0
           0
           0
           0
           0
           0
           0
           0
           0
           0
           0
           0
           0
           0
           0
           0
           0
           0
           0
           0
           0
           0
           0
           0
           0
           0
           0
           0
           0
           0
           0
           0
           0
           0
           0
           0
           0
           0
           0
           0
           0
           0
           0
           0
           0
           0
           0
           0
           0
           0
           0
           0
           0
           0
           0
           0
           0
           0
           0
           0
           0
           0
           0
           0
           0
           0
           0
           0
           0
           0
           0
           0
           0
           0
           0
           0
           0
           0
           0
           0
           0
           0
           0
           0
           0
           0
           0
           0
           0
           0
           0
           0
           0
           0
           0
           0
           0
           0
           0
           0
           0
           0
           0
           0
           0
           0
           0
           0
           0
           0
           0
           0
           0
           0
           0
           0
           0
           0
           0
           0
           0
           0
           0
           0
           0
           0
           0
           0
           0
           0
           0
           0
           0
           0
           0
           0
           0
           0
           0
           0
           0
           0
           0
           0
           0
           0
           0
           0
           0
           0
           0
           0
           0
           0
           0
           0
           0
           0
           0
           0
           0
           0
           0
           0
           0
           0
           0
           0
           0
           0
           0
           0
           0
           0
           0
           0
           0
           0
           0
           0
           0
           0
           0
           0
           0
           0
           0
           0
           0
           0
           0
           0
           0
           0
           0
           0
           0
           0
           0
           0
           0
           0
           0
           0
           0
           0
           0
           0
           0
           0
           0
           0
           0
           0
           0
           0
           0
           0
           0
           0
           0
           0
           0
           0
           0
           0
           0
           0
           0
           0
           0
           0
           0
           0
           0
           0
           0
           0
           0
           0
           0
           0
           0
           0
           0
           0
           0
           0
           0
           0
           0
           0
           0
           0
           0
           0
           0
           0
           0
           0
           0
           0
           0
           0
           0
           0
           0
           0
           0
           0
           0
           0
           0
           0
           0
           0
           0
           0
           0
           0
           0
           0
           0
           0
           0
           0
           0
           0
           0
           0
           0
           0
           0
           0
           0
           0
           0
           0
           0
           0
           0
           0
           0
           0
           0
           0
           0
           0
           0
           0
           0
           0
           0
           0
           0
           0
           0
           0
           0
           0
           0
           0
           0
           0
           0
           0
           0
           0
           0
           0
           0
           0
           0
           0
           0
           0
           0
           0
           0
           0
           0
           0
           0
           0
           0
           0
           0
           0
           0
           0
           0
           0
           0
           0
           0
           0
           0
           0
           0
           0
           0
           0
           0
           0
           0
           0
           0
           0
           0
           0
           0
           0
           0
           0
           0
           0
           0
           0
           0
           0
           0
           0
           0
           0
           0
           0
           0
           0
           0
           0
           0
           0
           0
           0
           0
           0
           0
           0
           0
           0
           0
           0
           0
           0
           0
           0
           0
           0
           0
           0
           0
           0
           0
           0
           0
           0
           0
           0
           0
           0
           0
           0
           0
           0
           0
           0
           0
           0
           0
           0
           0
           0
           0
           0
           0
           0
           0
           0
           0
           0
           0
           0
           0
           0
           0
           0
           0
           0
           0
           0
           0
           0
           0
           0
           0
           0
           0
           0
           0
           0
           0
           0
           0
           0
           0
           0
           0
           0
           0
           0
           0
           0
           0
           0
           0
           0
           0
           0
           0
           0
           0
           0
           0
           0
           0
           0
           0
           0
           0
           0
           0
           0
           0
           0
           0
           0
           0
           0
           0
           0
           0
           0
           0
           0
           0
           0
           0
           0
           0
           0
           0
           0
           0
           0
           0
           0
           0
           0
           0
           0
           0
           0
           0
           0
           0
           0
           0
           0
           0
           0
           0
           0
           0
           0
           0
           0
           0
           0
           0
           0
           0
           0
           0
           0
           0
           0
           0
           0
           0
           0
           0
           0
           0
           0
           0
           0
           0
           0
           0
           0
           0
           0
           0
           0
           0
           0
           0
           0
           0
           0
           0
           0
           0
           0
           0
           0
           0
           0
           0
           0
           0
           0
           0
           0
           0
           0
           0
           0
           0
           0
           0
           0
           0
           0
           0
           0
           0
           0
           0
           0
           0
           0
           0
           0
           0
           0
           0
           0
           0
           0
           0
           0
           0
           0
           0
           0
           0
           0
           0
           0
           0
           0
           0
           0
           0
           0
           0
           0
           0
           0
           0
           0
           0
           0
           0
           0
           0
           0
           0
           0
           0
           0
           0
           0
           0
           0
           0
           0
           0
           0
           0
           0
           0
           0
           0
           0
           0
           0
           0
           0
           0
           0
           0
           0
           0
           0
           0
           0
           0
           0
           0
           0
           0
           0
           0
           0
           0
           0
           0
           0
           0
           0
           0
           0
           0
           0
           0
           0
           0
           0
           0
           0
           0
           0
           0
           0
           0
           0
           0
           0
           0
           0
           0
           0
           0
           0
           0
           0
           0
           0
           0
           0
           0
           0
           0
           0
           0
           0
           0
           0
           0
           0
           0
           0
           0
           0
           0
           0
           0
           0
           0
           0
           0
           0
           0
           0
           0
           0
           0
           0
           0
           0
           0
           0
           0
           0
           0
           0

F ( 1758, 1 ) 
