15.6232 14.3005 13.6591
  8.595 13.3581 21.6085
21.4323 3.82283 19.0021
10.4424  13.372  22.712
14.9532 11.8548 18.5402
15.6357 12.4335 19.2213
8.32914 12.2408 23.3492
13.8184 11.6889 20.3474
9.69599 11.2784 23.7801
 17.359 10.0391 19.3173
6.41517 14.3069 21.2989
8.20704 11.7478 23.9751
11.7763 11.2421 22.4976
9.49344 14.2412  17.096
7.47406 12.8746 25.0183
13.2001 10.1468 23.4409
20.8579 4.18365 18.9446
13.1293 9.25279 24.3439
 19.373 9.78301 14.7861
19.9484 7.62699 19.2715
13.3054 14.4097 15.1466
12.8437 14.7455 16.0772
10.4358 13.8714  17.519
 8.0345 13.0055 20.0489
8.26332 13.3864 21.1692
8.06937 13.1251 21.3984
16.0295 12.8274  18.169
18.5975 11.8431 15.0915
19.2493 9.43599 13.5713
18.8364 10.7248 19.2767
18.1721 10.4572  19.291
 17.339 9.91974 18.5736
 17.707 10.8445 15.2988
19.4264 9.10131 13.8669
19.8906 7.68407 20.4309
12.7351 14.2377  16.351
10.2332 11.1536 23.3628
14.4695  14.753 14.1586
9.52121 13.4142 22.6366
4.03027 13.8061 22.8338
12.6896 12.3935 21.8025
12.403 9.2735 23.457
19.8518 3.25013 16.1946
8.69721 13.8817  21.463
14.1286 10.6562 24.5915
12.6647 7.76901  27.577
20.1406 4.71637 18.7014
 20.878 4.77108 17.4204
 19.476 9.43762 14.2369
21.5934 3.59544 16.7241
 6.1986 13.8938 21.5186
6.02066 13.4651 20.9637
 9.9159 13.1607 22.4524
12.4595 10.6326 24.1281
12.5285 10.6851 24.2563
21.4998 2.34674 18.1396
11.8015 13.6352 18.6815
8.77809 13.9177 19.7486
5.55063 11.8225 23.6744
 19.789 8.98882 14.6404
20.6028 4.29393 15.5222
11.8274 12.7331 20.7217
17.3918  10.449  15.771
20.2981 7.20154 14.3541
  21.16 6.73909 17.6023
20.5788 5.79311 18.5563
20.5399 3.98814 16.4892
20.3796 7.69675  13.418
2.85833 13.8675 22.3328
2.42627  14.029 21.5485
12.7841 8.76525 27.1868
10.8236 9.18359 28.0735
14.5508  10.913 19.1612
7.18497 12.9039 25.1448
15.0367  14.252 15.6579
11.5098 11.0857 25.0298
18.5474 8.40926 19.5379
21.0885 4.98518 14.2247
7.93856 14.2698 19.5805
20.3557 6.21665 17.5121
14.3722 12.7305 18.1365
12.6129  10.039 25.0672
12.7644 13.1942 19.0216
13.6976 13.1728 16.6935
13.2425 12.0752 20.5381
 7.9965 13.3135 21.3472
13.9287 8.46478 25.8701
12.8099 9.17213 25.8577
11.6319 13.0561 18.0929
3.71906 13.1712 22.1756
4.80403  13.987 20.5231
17.7107 9.34852 19.8778
12.3672 14.4102 16.4989
 8.7978 13.1651 21.9703
4.33942 13.9438 20.5842
4.36102 14.0031 20.6585
20.6722 7.80726 20.3309
9.82132 12.9753 22.1493
12.4203 11.9805 21.8203
7.12433 11.8038 24.2092
15.9515 11.9574 16.4734
9.16363 11.5657  24.238
9.18728 11.6059 24.3106
10.7288 10.4182 26.2689
20.6873 3.76075 15.2919
3.76002  14.201 22.0813
14.0038 13.6385 17.0542
 9.4715 14.2525 18.1154
9.61506 11.6519 24.9227
12.0002 12.0436 21.2452
20.8139 4.24668 17.9823
11.9149 12.2201 22.2084
11.4778 12.7905 22.7373
18.9021   8.906  14.237
21.8632  4.6041 18.2806
7.07841 12.9875 21.6686
19.1623 9.25909 14.0349
3.22025 13.4788 22.2176
12.1048 13.9668 18.1306
11.3725 12.2174 21.8235
4.86898 13.7318 21.3882
15.3219 11.5504 20.2908
 21.823 4.83864 15.4071
8.51364 12.8673 22.4055
15.6977 11.2676   20.21
9.06017 13.1581 21.5072
5.61978 12.9943 22.2602
3.23013 12.9462 23.1191
8.26804 13.8651 19.5655
11.6209 12.6598 21.0084
12.5016 12.7974 20.9575
11.3515 12.1881 21.7407
 15.544 12.5347  17.015
19.6902 7.53089 19.0736
12.6602 13.0475 19.9282
16.4506 12.8229 16.4581
 18.294 11.2877 15.7101
19.2069 8.40702 18.6258
21.4657 4.80827 16.2778
20.9739 4.79237 17.5178
9.10633 12.7406 21.2679
17.8274 9.96979 16.2416
17.4439 12.0688 16.5164
19.2081 10.0012 14.8368
15.7458 13.4899 14.3601
9.28238 13.9704 20.8909
13.2273 13.1965 18.4578
  13.19  12.674 20.9868
12.5475 11.8982 20.9262
20.9021 3.66282 19.3759
21.9023 6.45734 19.5484
14.7194 10.6508  20.263
18.7274 8.89149 19.4467
16.7011 11.5711  17.413
 7.4163 14.9605  19.769
8.54007 13.6401 19.7443
2.98705 13.0123  21.782
9.50335 13.3807 21.6749
17.5205 10.5443 16.3707
8.76601 11.6166 23.5651
9.92375 13.0611 21.6501
14.9479 12.0561 20.0914
18.3339 9.72883 14.7092
17.3386 9.50587 19.3947
18.7067 8.89463 18.7064
18.6107 8.17142 19.5878
12.5658 13.6547 19.5999
20.2528 3.86359 18.2769
 21.651 3.05806 18.8919
7.22008 13.6901 21.3153
4.54125  12.811 22.5195
20.5867  6.0939 18.0985
15.1453 12.4251 17.1517
10.6991 12.1422  22.914
3.38625 13.8567 21.4865
2.18432 13.6445 21.3016
8.14238 13.5882 20.9799
3.17407 15.3791 21.6215
19.3122 5.76509 17.4431
20.8675 6.66438 18.5906
2.31569 13.9828 20.9024
11.7804 10.8157 23.7818
21.4226 4.19136  16.345
20.2066 8.35203  14.673
12.1749 13.3125 18.6408
18.6254 9.34014 16.6216
18.8786  10.016 15.0395
19.2659 7.88376 18.4653
13.4621 13.1005 19.9152
  18.64  10.462 15.1536
16.9067 11.4139 17.0307
5.15704 13.7113 19.5896
20.7316 3.74595 15.3703
8.70611 14.4468   18.98
12.8729 14.2235 15.8409
4.44589 14.2013 19.9889
3.79032 14.0174  21.079
7.84786 13.7487 20.1635
3.75315 13.2856 22.3683
13.8575  12.993 18.2892
11.5192 12.5872 20.8753
15.3065 12.4091 16.6486
6.04932 12.0607  23.998
12.3954 13.8981 19.5149
6.37236 13.6885 22.6098
4.73014 13.2974 22.5015
15.5116 11.7222 18.7348
 18.379 11.4014 17.0721
7.83445 14.5677 18.6754
20.7176 7.28209 18.2482
14.9849 14.3944 14.6028
2.64469 13.9586 20.2662
7.22618 13.9891 18.4487
  1.886 13.6926 21.1749
12.5452 13.6538 19.5991
14.5781 11.7962 18.7801
18.1764 10.9678 14.0966
19.3364 8.82441 15.0036
21.3367 6.18928 18.3077
21.5405 5.16409 15.1388
16.5169 12.4035  16.311
6.63156 11.3577 23.7633
17.7945 10.3569 18.1294
11.8958 9.87188 26.9676
20.1793 5.96172 17.7143
4.93004 14.4041 19.4097
6.62493 12.1547 24.3432
12.5356  11.398  21.969
20.1721 8.89773  13.337
  7.702 12.1263   24.51
14.6424 11.8224 21.0419
18.7785 10.5158 14.1884
7.71044 13.7502 21.2425
7.29634 11.1517 24.5864
11.3509 12.9333 21.8997
3.71709 14.1347 19.7808
 14.857 11.3465 21.0322
11.1966 13.7934 18.8881
6.88199 14.1792 19.7225
12.9983 8.44718 26.3433
20.4691 3.99141 18.5418
4.41608 14.1475 19.8972
14.6367 13.4426  14.775
 2.1557 13.4387 21.0524
11.1168 10.7307 25.9151
5.11252 13.9623 18.1035
20.2389 4.87254 18.1633
6.42547   12.49 23.2353
2.40217 14.0445 21.4511
 11.041 9.59633 27.4966
7.78997  11.969 23.4175
7.55933 12.2893 25.4168
17.7174 9.61026 19.0359
18.7278 9.67578 14.6556
 11.522 7.99572 28.5571
8.43488 12.6458 20.0759
13.1512 6.95941 27.1666
  3.484 12.3779 22.8963
15.3897 13.2006 17.6041
14.1428 7.72653 26.1309
12.2722 14.6207 16.2879
19.0215 9.26604 15.2912
8.79128 12.9503 21.0839
  16.04 12.0977 18.2831
8.81748 13.6259 20.3357
21.2697 2.91696 18.1651
14.6217  10.621 20.2073
9.22975 13.6151 21.9129
11.2365 8.99699 28.4692
21.1824 5.24213 19.1724
3.65873   13.35 22.1115
16.3064 11.5945 16.9181
13.0336 9.44446 25.5989
19.4842 9.27495 15.2333
11.3453 10.8533 21.6008
10.6795 7.71643 28.3986
13.7468 10.3677 23.4167
8.34763 13.5186 21.3372
15.5752 12.5168 16.1774
7.18427 13.9691 18.4256
17.2203 10.5602 17.7816
21.6078  5.1986  15.278
3.71654  14.457 19.5864
12.6459 10.4931 21.4856
2.38526 14.0839 21.1001
 3.1038 13.4574 21.9254
16.5611 11.1064 15.0491
 16.556 11.6902 15.7374
10.0699 11.1535 27.0037
9.15788 13.6965 20.1545
10.0517 11.1445 21.7369
14.7521 11.6361  18.275
18.5265 7.32221 19.7324
10.1762 11.1003 25.6635
15.0391 10.6386 21.5772
17.0932 11.0371 14.8087
11.3017 14.1245  17.087
10.7166  11.652  25.224
8.54997 11.7724 24.4379
4.29062 14.2351 19.0152
15.7491 12.8078 15.9081
8.51284 11.6797 23.7571
15.0368  12.705 15.8035
13.6826 12.0973 17.2265
12.1705 14.2783 18.2433
11.7715 14.7643 18.0148
19.2229 7.81306 19.8515
9.91789 11.1652 24.3967
19.1032 10.5033  15.793
20.4744 6.60791 18.5669
14.2495  9.2224 25.4228
16.3069 10.7753 13.9911
 12.884 13.8161 15.8988
11.9299 9.07078 26.2802
17.3231 11.4383 14.7903
6.75114 13.7847 18.2683
18.3855 9.90517  18.098
12.1489  9.2184 26.6532
3.24784 12.9987 23.2096
5.83357 13.8094  17.922
10.0534 14.4014 18.6189
11.9958 13.1153 19.6135
13.3994 13.7692 15.8052
11.7319 10.3049 27.0384
19.7079 5.39307 18.4677
2.91518 14.1331 20.2079
14.5899  7.6063 26.9479
13.1948 11.5475  20.337
16.6472 11.2642 16.1904
 13.573 9.53703 23.5355
   3.18 13.9136 21.7104
11.8145 13.6723 17.1912
 12.623 10.1586 23.2775
20.3298  9.3623 12.6644
16.9982 10.8443    17.4
12.7888 13.2033 18.3648
11.8204 8.41629 27.1084
12.5383 10.7111  20.758
13.1176  14.095 15.7116
18.4444 9.66993 19.8373
4.71984 14.1718 20.8512
3.67356  14.269 18.6418
3.20471 13.7817 20.8702
1.96756 12.9423 20.8936
10.0069 11.5972 23.6208
17.4328 9.97559 13.8993
16.2191  10.729 19.9428
4.22169 13.9241 18.5935
18.1454 9.51649 15.1425
4.61135 13.9662  21.227
8.85036 12.9373 20.1635
  15.97 12.8992 17.3054
10.4162 8.61585 27.7708
7.54005  14.614 19.3414
 4.4639 13.1184 22.0988
18.0197  10.649 15.3772
21.4749 4.50634 19.1531
2.86791 13.6912 21.6915
15.2326 13.5193 14.3738
15.9902 12.7098 16.0055
13.1608 13.7011 18.4125
10.3372 11.4879 22.8765
 7.4082 13.2688 24.5845
7.52109 13.5879 18.5876
11.8854 10.4855 24.4495
14.5225 12.8475 18.1582
17.5642 9.67241 18.8303
16.9823  12.095 14.5496
12.8416 7.96373 28.0065
8.57233 12.4743 21.9246
8.47844 12.4728  22.379
14.0479 11.5232 21.2365
 5.7786 13.2646 19.1169
12.9832  10.279 22.0384
9.43371 12.5075 22.1145
7.37446 12.7739 20.9012
8.81748 13.6259 20.3357
13.8019 7.71442 25.7814
11.6931 10.3469 24.7303
17.9676 10.6626 16.6443
14.0954 13.4537 14.4213
14.9966 12.9684 16.1724
19.3624 8.23762 19.3606
6.65161 13.9334 17.7691
10.1954 12.6563 21.5246
20.3216 6.19882 17.5355
12.7771  10.057 23.9029
20.6533 2.02335 18.8865
7.49329 12.6076 22.1944
9.82633 11.7422 22.8443
18.9545 10.6604 15.3814
17.8325 8.62519 18.9813
 21.022 7.61586 17.4771
21.3176 3.24198 16.9867
9.38779 14.2921 17.5215
11.3135 13.9942 18.1267
13.2203 13.4039 17.1904
12.5468 13.3577  18.846
16.3391 12.0542 17.2453
6.22562 13.1166 24.3012
17.5152 12.2092 18.1439
17.5057 10.7835 16.1663
11.5525 11.1622 22.8919
18.0975  9.5943 15.7094
13.4032 10.0723 22.7775
20.1512   8.337 15.7127
10.7746 10.5723 24.4239
13.8994 7.96389 27.1432
11.8296 14.2418  16.552
13.2528 14.2339 17.2102
 3.7667 13.9552 20.2506
8.54183  14.012 20.4824
12.7928 13.4905 18.6125
15.3454 12.4644 19.5608
13.0698 11.9752 21.0076
3.93618 13.3536 21.5328
6.10154 12.1739 23.4366
7.56107 11.8242 24.7121
13.7401 9.94249 22.5412
13.9037  8.8984 26.9355
20.7436 4.90852 18.1938
21.0326  3.3976 17.8134
 2.9986 13.8557 20.4049
7.83164 13.8577 19.7141
12.1894  13.496  18.274
13.9447 12.5057 20.7117
10.0217 10.6515 26.7471
15.9043 11.4694 16.7297
14.3087 11.9345 19.2112
1.86706  13.167 20.9855
5.79149 12.4312 23.8475
3.11254 14.0189 20.6326
14.7885 12.0043 20.7722
6.58103 14.1827 18.4874
12.9901  13.595 15.8203
9.64667 13.1303 21.6805
9.00407 12.3524 23.3771
16.1508  10.783 19.2845
19.1888 9.16461 14.9225
13.3661 10.0287 26.1789
11.4192 8.34283 27.2728
2.71299 13.6941 21.1838
18.0201 8.77742 19.5101
14.7201 11.9077 20.6447
17.7441 9.82716 19.1451
12.3039 9.54493 26.1929
11.6858 9.24438 26.9268
9.24172 13.1135 20.1155
8.25615 12.9927 21.8455
19.0875 8.61562 19.6099
14.3022 9.36157 23.2106
13.9949  7.7254 25.9643
11.3965 8.34743 27.2772
19.0345 7.10022 20.3473
5.06469 13.8654 20.2145
 18.058  10.229 18.5883
16.8374 10.2287 19.1093
5.11139 14.2404 21.3414
8.73226 12.5257 23.0927
11.5886 9.76688 27.1811
21.4196 3.52802 15.8709
9.89313  13.467 23.6506
5.97581 13.0656  21.483
3.25558 14.3263 20.6858
17.2223 10.3654 15.6271
18.0112 9.35359 19.2362
2.63033 13.7523 20.8699
14.1624 10.8738 20.3616
12.7168 13.1571 18.9462
11.3185 10.2105 25.9639
19.8011 7.79834 17.9173
18.7117 7.61059 20.1238
21.4229 5.48238 18.4907
15.7328 11.0702 19.1418
18.1976  10.435 15.6951
21.0018 2.86572 19.2125
 7.0344 12.6099 23.3473
15.3777 12.8812 14.9853
9.97228 12.7744 22.5134
17.6506 11.3898 16.2968
20.1662 2.88742 17.0994
12.0489 14.0405 18.0659
19.2976 11.7024 14.8989
19.8378 8.86862 13.6807
21.6528 4.11626 15.0471
17.5136 10.2527 18.7697
12.0839  13.287 17.9901
8.19671 13.5165 19.2144
12.6733  10.959 22.7843
9.30155 13.0333 21.7792
10.7592 11.2586 24.2712
 9.1474 11.8226 23.2481
 13.588  13.912 16.5726
13.1888 11.9357 18.5693
20.2973 6.68304 17.4062
9.62344 13.0276 20.1441
12.4739 8.24922  27.368
10.0077 13.6088 17.5524
13.4358 9.23668 23.6919
2.84413 13.3709 20.2302
11.7986  10.041  26.161
17.0077 10.3754 18.8847
7.63207 12.4438 25.7218
7.35157 13.7534 20.8485
 9.3763   11.33 24.8759
13.5736 12.2791 20.2846
16.5916 11.1756 18.2754
6.46337 11.9236 23.9923
12.4364 13.2802 18.7245
8.54637  12.427 24.5244
4.39846 13.2679 21.4485
19.2396 8.88455 13.5865
16.0483 12.0113 17.0746
16.9379 9.93651 19.7903
21.2008 4.48059 17.6859
19.4246 3.46201 18.5221
17.8665 9.41342 15.6854
13.1015 9.23198 24.2902
21.7819    4.49 17.0383
 12.854 8.27108 27.1302
16.7767 12.2527 15.3441
12.7237 13.4191 18.4517
7.40812 12.4342 21.5651
 15.337 11.9304  18.048
8.66074 13.2786 20.5823
5.18699 13.8691 21.1262
22.0723 5.16723   20.08
21.3073 4.82219  19.172
4.09153 13.6166 21.1786
4.25738 12.7451 21.5191
15.5386 14.1077 13.4632
8.51043 13.1653 21.4127
21.3477 3.63009 18.8062
10.3578 13.1792 22.5161
14.8687 11.6621 18.3444
15.5512 12.2408 19.0255
8.24456 12.0481 23.1533
13.7338 11.4961 20.1515
9.61142 11.0856 23.5843
17.2745 9.84634 19.1214
6.33059 14.1142 21.1031
8.12247 11.5551 23.7792
11.6917 11.0494 22.3017
9.40886 14.0485 16.9001
7.38948 12.6818 24.8225
13.1155 9.95405  23.245
20.7734  3.9909 18.7488
13.0447 9.06005  24.148
19.2885 9.59027 14.5903
19.8638 7.43424 19.0756
13.2208  14.217 14.9507
12.7592 14.5528 15.8814
10.3513 13.6786 17.3231
7.94992 12.8127  19.853
8.17874 13.1936 20.9734
7.98479 12.9323 21.2025
15.9449 12.6346 17.9732
 18.513 11.6503 14.8957
19.1647 9.24324 13.3754
18.7518  10.532 19.0809
18.0876 10.2644 19.0951
17.2544 9.72699 18.3777
17.6225 10.6518 15.1029
19.3418 8.90856  13.671
 19.806 7.49132  20.235
12.6505  14.045 16.1551
10.1486 10.9609  23.167
14.3849 14.5602 13.9627
9.43664 13.2215 22.4408
3.94569 13.6133  22.638
 12.605 12.2008 21.6067
12.3184 9.08075 23.2611
19.7672 3.05739 15.9987
8.61263 13.6889 21.2671
 14.044 10.4634 24.3956
12.5801 7.57627 27.3811
 20.056 4.52362 18.5055
20.7935 4.57833 17.2245
19.3914 9.24487  14.041
21.5088  3.4027 16.5283
6.11403  13.701 21.3227
5.93609 13.2723 20.7678
9.83132  12.968 22.2565
12.3749 10.4398 23.9322
 12.444 10.4924 24.0604
21.4152 2.15399 17.9437
11.7169 13.4424 18.4856
8.69351 13.7249 19.5528
5.46605 11.6297 23.4785
19.7044 8.79607 14.4445
20.5182 4.10119 15.3264
11.7428 12.5403 20.5258
17.3072 10.2562 15.5751
20.2135 7.00879 14.1582
21.0754 6.54634 17.4064
20.4942 5.60036 18.3604
20.4553 3.79539 16.2933
20.2951   7.504 13.2221
2.77375 13.6747  22.137
2.34169 13.8362 21.3526
12.6995  8.5725  26.991
 10.739 8.99084 27.8777
14.4662 10.7202 18.9653
7.10039 12.7111 24.9489
14.9521 14.0593  15.462
11.4253  10.893  24.834
18.4628 8.21651 19.3421
21.0039 4.79243 14.0288
7.85398  14.077 19.3846
20.2712  6.0239 17.3162
14.2877 12.5377 17.9406
12.5283 9.84628 24.8713
12.6798 13.0015 18.8257
 13.613 12.9801 16.4977
13.1579 11.8825 20.3422
7.91192 13.1207 21.1513
13.8441 8.27204 25.6742
12.7253 8.97938 25.6619
11.5473 12.8634  17.897
3.63448 12.9784 21.9797
4.71945 13.7942 20.3272
17.6261 9.15577  19.682
12.2826 14.2175  16.303
8.71323 12.9724 21.7744
4.25485  13.751 20.3883
4.27644 13.8103 20.4626
20.5876 7.61451  20.135
9.73674 12.7826 21.9534
12.3358 11.7878 21.6244
7.03975  11.611 24.0133
15.8669 11.7646 16.2775
9.07905 11.3729 24.0421
 9.1027 11.4131 24.1147
10.6442 10.2254  26.073
20.6027 3.56801  15.096
3.67544 14.0083 21.8854
13.9193 13.4457 16.8583
9.38692 14.0598 17.9195
9.53049 11.4592 24.7269
11.9156 11.8509 21.0493
20.7293 4.05394 17.7864
11.8304 12.0273 22.0125
11.3932 12.5978 22.5414
18.8175 8.71325 14.0411
21.7786 4.41136 18.0848
6.99383 12.7948 21.4728
19.0777 9.06634  13.839
3.13567 13.2861 22.0217
12.0202 13.7741 17.9347
11.2879 12.0246 21.6276
4.78441 13.5391 21.1924
15.2374 11.3577  20.095
21.7384 4.64589 15.2113
8.42907 12.6746 22.2096
15.6131 11.0748 20.0141
8.97559 12.9654 21.3113
 5.5352 12.8016 22.0644
3.14556 12.7535 22.9232
8.18346 13.6723 19.3697
11.5363  12.467 20.8125
 12.417 12.6046 20.7617
11.2669 11.9953 21.5449
15.4594  12.342 16.8191
19.6056 7.33814 18.8778
12.5756 12.8548 19.7324
 16.366 12.6302 16.2623
18.2094  11.095 15.5142
19.1224 8.21428 18.4299
21.3811 4.61553 16.0819
20.8893 4.59962  17.322
9.02175 12.5479  21.072
17.7428 9.77704 16.0458
17.3593  11.876 16.3205
19.1235 9.80846 14.6409
15.6613 13.2972 14.1642
9.19781 13.7777 20.6951
13.1427 13.0038  18.262
13.1054 12.4813  20.791
12.4629 11.7055 20.7303
20.8175 3.47007 19.1801
21.8177 6.26459 19.3526
14.6348 10.4581 20.0672
18.6428 8.69875 19.2508
16.6165 11.3784 17.2172
7.33173 14.7677 19.5731
8.45549 13.4474 19.5484
2.90247 12.8195 21.5862
9.41877 13.1879  21.479
 17.436 10.3516 16.1748
8.68143 11.4238 23.3693
9.83917 12.8684 21.4542
14.8633 11.8633 19.8956
18.2493 9.53609 14.5133
 17.254 9.31312 19.1989
18.6221 8.70188 18.5106
18.5261 7.97868  19.392
12.4812 13.4619  19.404
20.1682 3.67085 18.0811
21.5665 2.86531 18.6961
 7.1355 13.4974 21.1194
4.45667 12.6183 22.3236
20.5021 5.90115 17.9026
15.0608 12.2323 16.9559
10.6145 11.9495 22.7182
3.30167  13.664 21.2907
2.09975 13.4517 21.1057
 8.0578 13.3955  20.784
3.08949 15.1863 21.4256
19.2276 5.57234 17.2472
20.7829 6.47164 18.3947
2.23111 13.7901 20.7065
11.6959 10.6229  23.586
 21.338 3.99861 16.1492
 20.122 8.15928 14.4772
12.0903 13.1197 18.4449
18.5408 9.14739 16.4257
18.7941  9.8233 14.8436
19.1814 7.69101 18.2694
13.3775 12.9078 19.7193
18.5554 10.2692 14.9578
16.8222 11.2212 16.8348
5.07246 13.5185 19.3938
 20.647  3.5532 15.1744
8.62154  14.254 18.7841
12.7884 14.0308  15.645
4.36132 14.0086 19.7931
3.70575 13.8247 20.8832
7.76329 13.5559 19.9677
3.66857 13.0928 22.1724
13.7729 12.8003 18.0933
11.4346 12.3944 20.6794
 15.222 12.2164 16.4528
5.96475  11.868 23.8021
12.3108 13.7053  19.319
6.28778 13.4957 22.4139
4.64556 13.1046 22.3056
 15.427 11.5295 18.5389
18.2944 11.2086 16.8762
7.74987 14.3749 18.4796
 20.633 7.08935 18.0524
14.9003 14.2017  14.407
2.56012 13.7659 20.0703
7.14161 13.7964 18.2528
1.80142 13.4999 20.9791
12.4606  13.461 19.4033
14.4935 11.6034 18.5843
18.0918 10.7751 13.9007
19.2518 8.63166 14.8078
21.2522 5.99653 18.1119
21.4559 4.97134 14.9429
16.4324 12.2107 16.1151
6.54698  11.165 23.5674
17.7099 10.1642 17.9335
11.8112 9.67913 26.7718
20.0948 5.76898 17.5184
4.84546 14.2113 19.2139
6.54035  11.962 24.1473
12.4511 11.2052 21.7732
20.0876 8.70498 13.1411
7.61743 11.9335 24.3141
14.5578 11.6296  20.846
 18.694  10.323 13.9925
7.62586 13.5575 21.0467
7.21176 10.9589 24.3906
11.2664 12.7406 21.7038
3.63252  13.942  19.585
14.7724 11.1537 20.8363
 11.112 13.6007 18.6922
6.79741 13.9865 19.5266
12.9138 8.25443 26.1474
20.3845 3.79866  18.346
 4.3315 13.9548 19.7014
14.5522 13.2499 14.5791
2.07112  13.246 20.8566
11.0322 10.5379 25.7192
5.02794 13.7696 17.9077
20.1543 4.67979 17.9675
6.34089 12.2973 23.0395
 2.3176 13.8518 21.2553
10.9564 9.40358 27.3008
7.70539 11.7762 23.2217
7.47475 12.0965  25.221
17.6328 9.41751   18.84
18.6432 9.48304 14.4597
11.4374 7.80297 28.3612
 8.3503  12.453 19.8801
13.0666 6.76666 26.9707
3.39943 12.1851 22.7004
15.3052 13.0079 17.4082
14.0583 7.53378  25.935
12.1876  14.428 16.0921
18.9369 9.07329 15.0953
 8.7067 12.7576  20.888
15.9554 11.9049 18.0873
 8.7329 13.4331 20.1398
21.1852 2.72421 17.9692
14.5371 10.4282 20.0115
9.14518 13.4223  21.717
 11.152 8.80425 28.2733
21.0978 5.04938 18.9765
3.57415 13.1572 21.9157
16.2218 11.4018 16.7223
 12.949 9.25171 25.4031
19.3996 9.08221 15.0375
11.2607 10.6606 21.4049
10.5949 7.52368 28.2027
13.6623 10.1749 23.2208
8.26305 13.3258 21.1413
15.4906  12.324 15.9816
 7.0997 13.7764 18.2297
17.1357 10.3675 17.5858
21.5232 5.00585 15.0821
3.63197 14.2642 19.3905
12.5613 10.3003 21.2897
2.30068 13.8911 20.9042
3.01922 13.2647 21.7296
16.4766 10.9136 14.8533
16.4714 11.4974 15.5415
9.98535 10.9608 26.8079
 9.0733 13.5037 19.9587
9.96713 10.9517 21.5411
14.6675 11.4433 18.0791
18.4419 7.12946 19.5365
10.0916 10.9075 25.4676
14.9545 10.4458 21.3814
17.0087 10.8444 14.6129
11.2171 13.9317 16.8911
 10.632 11.4593 25.0281
8.46539 11.5797 24.2421
4.20605 14.0423 18.8193
15.6645  12.615 15.7122
8.42826 11.4869 23.5612
14.9522 12.5122 15.6076
 13.598 11.9046 17.0307
 12.086 14.0856 18.0474
11.6869 14.5716  17.819
19.1383 7.62031 19.6556
9.83331 10.9724 24.2009
19.0186 10.3106 15.5972
20.3898 6.41516  18.371
14.1649 9.02965  25.227
16.2223 10.5826 13.7952
12.7994 13.6234 15.7029
11.8453 8.87803 26.0844
17.2385 11.2456 14.5945
6.66657 13.5919 18.0724
18.3009 9.71242 17.9021
12.0644 9.02565 26.4574
3.16327  12.806 23.0137
5.74899 13.6167 17.7262
9.96877 14.2086 18.4231
11.9112 12.9225 19.4176
13.3148 13.5764 15.6093
11.6473 10.1121 26.8425
19.6233 5.20032 18.2718
 2.8306 13.9403 20.0121
14.5053 7.41355  26.752
13.1102 11.3548 20.1412
16.5626 11.0714 15.9945
13.4884 9.34429 23.3397
3.09542 13.7209 21.5145
11.7299 13.4796 16.9953
12.5385 9.96589 23.0817
20.2452 9.16955 12.4686
16.9136 10.6516 17.2041
12.7043 13.0106 18.1689
11.7358 8.22354 26.9126
12.4538 10.5184 20.5621
 13.033 13.9022 15.5157
18.3598 9.47718 19.6415
4.63526  13.979 20.6553
3.58898 14.0762 18.4459
3.12013  13.589 20.6743
1.88298 12.7496 20.6977
9.92234 11.4045  23.425
17.3482 9.78284 13.7034
16.1345 10.5363 19.7469
4.13711 13.7313 18.3976
18.0608 9.32374 14.9466
4.52677 13.7734 21.0311
8.76579 12.7446 19.9676
15.8855 12.7065 17.1095
10.3317 8.42311 27.5749
7.45547 14.4213 19.1456
4.37932 12.9257 21.9029
17.9351 10.4562 15.1813
21.3904 4.31359 18.9573
2.78333 13.4984 21.4956
 15.148 13.3265 14.1779
15.9056  12.517 15.8096
13.0762 13.5083 18.2167
10.2526 11.2952 22.6807
7.32362  13.076 24.3887
7.43652 13.3951 18.3917
11.8008 10.2928 24.2537
14.4379 12.6548 17.9624
17.4796 9.47966 18.6345
16.8977 11.9023 14.3537
 12.757 7.77098 27.8107
8.48775 12.2816 21.7288
8.39386   12.28 22.1831
13.9633 11.3304 21.0406
5.69402 13.0718  18.921
12.8987 10.0863 21.8425
9.34914 12.3147 21.9187
7.28988 12.5811 20.7053
 8.7329 13.4331 20.1398
13.7173 7.52167 25.5856
11.6085 10.1541 24.5344
 17.883 10.4698 16.4484
14.0108 13.2609 14.2254
 14.912 12.7757 15.9765
19.2778 8.04487 19.1647
6.56703 13.7406 17.5733
10.1108 12.4636 21.3288
 20.237 6.00607 17.3396
12.6925 9.86425  23.707
20.5687  1.8306 18.6907
7.40872 12.4149 21.9985
9.74175 11.5494 22.6485
18.8699 10.4676 15.1855
 17.748 8.43245 18.7854
20.9374 7.42311 17.2812
 21.233 3.04924 16.7908
9.30321 14.0994 17.3256
11.2289 13.8015 17.9308
13.1357 13.2112 16.9945
12.4622  13.165 18.6501
16.2545 11.8615 17.0495
6.14104 12.9239 24.1053
17.4306 12.0165  17.948
17.4211 10.5908 15.9704
11.4679 10.9695 22.6961
18.0129 9.40155 15.5136
13.3186 9.87953 22.5816
20.0666 8.14425 15.5168
10.6901 10.3795  24.228
13.8148 7.77115 26.9474
 11.745 14.0491 16.3562
13.1683 14.0411 17.0143
3.68213 13.7625 20.0547
8.45725 13.8193 20.2865
12.7083 13.2978 18.4167
15.2608 12.2717 19.3649
12.9852 11.7824 20.8118
 3.8516 13.1609 21.3369
6.01696 11.9811 23.2407
7.47649 11.6314 24.5162
13.6556 9.74975 22.3454
13.8192 8.70565 26.7397
 20.659 4.71577  17.998
 20.948 3.20486 17.6176
2.91402 13.6629 20.2091
7.74706  13.665 19.5183
12.1048 13.3033 18.0781
13.8601 12.3129 20.5158
9.93715 10.4588 26.5512
15.8198 11.2767 16.5339
14.2242 11.7418 19.0154
1.78248 12.9742 20.7896
5.70692 12.2384 23.6516
3.02796 13.8262 20.4367
 14.704 11.8116 20.5763
6.49646   13.99 18.2915
12.9055 13.4022 15.6244
9.56209 12.9375 21.4846
 8.9195 12.1596 23.1812
16.0662 10.5903 19.0886
19.1042 8.97186 14.7266
13.2815 9.83596 25.9831
11.3346 8.15008 27.0769
2.62841 13.5013 20.9879
17.9355 8.58467 19.3143
14.6355 11.7149 20.4489
17.6595 9.63441 18.9492
12.2194 9.35218  25.997
11.6012 9.05164 26.7309
9.15714 12.9208 19.9196
8.17158    12.8 21.6497
19.0029 8.42288 19.4141
14.2177 9.16882 23.0147
13.9103 7.53265 25.7684
 11.312 8.15468 27.0813
18.9499 6.90748 20.1515
4.98011 13.6727 20.0186
17.9734 10.0363 18.3925
16.7528  10.036 18.9134
5.02681 14.0477 21.1456
8.64769 12.3329 22.8968
 11.504 9.57413 26.9853
21.3351 3.33528 15.6751
9.80856 13.2742 23.4547
5.89124 12.8729 21.2871
  3.171 14.1336 20.4899
17.1377 10.1726 15.4313
17.9266 9.16084 19.0403
2.54575 13.5596  20.674
14.0778 10.6811 20.1658
12.6322 12.9643 18.7504
11.2339 10.0178  25.768
19.7165 7.60559 17.7214
18.6271 7.41785 19.9279
21.3383 5.28963 18.2948
15.6482 10.8774  18.946
 18.113 10.2422 15.4992
20.9172 2.67297 19.0166
6.94983 12.4172 23.1514
15.2931 12.6884 14.7895
 9.8877 12.5817 22.3176
 17.566  11.197 16.1009
20.0817 2.69467 16.9035
11.9643 13.8478   17.87
 19.213 11.5096  14.703
19.7532 8.67587 13.4848
21.5683 3.92352 14.8512
 17.429   10.06 18.5739
11.9993 13.0942 17.7943
8.11214 13.3238 19.0186
12.5887 10.7663 22.5884
9.21697 12.8405 21.5833
10.6747 11.0659 24.0754
9.06282 11.6299 23.0522
13.5034 13.7192 16.3767
13.1042 11.7429 18.3734
20.2127 6.49029 17.2103
9.53886 12.8349 19.9483
12.3893 8.05647 27.1722
9.92309  13.416 17.3565
13.3512 9.04394  23.496
2.75955 13.1782 20.0343
 11.714 9.84821 25.9652
16.9231 10.1826 18.6888
 7.5475  12.251 25.5259
7.26699 13.5607 20.6527
9.29172 11.1372   24.68
 13.489 12.0864 20.0887
16.5071 10.9829 18.0796
 6.3788 11.7309 23.7964
12.3518 13.0874 18.5287
8.46179 12.2343 24.3286
4.31388 13.0752 21.2526
19.1551  8.6918 13.3906
15.9637 11.8185 16.8787
16.8534 9.74376 19.5944
21.1162 4.28785 17.4901
  19.34 3.26926 18.3263
17.7819 9.22067 15.4896
13.0169 9.03923 24.0944
21.6973 4.29726 16.8424
12.7694 8.07833 26.9343
16.6921 12.0599 15.1483
12.6391 13.2264 18.2558
7.32354 12.2414 21.3692
15.2524 11.7376 17.8522
8.57617 13.0858 20.3864
5.10242 13.6763 20.9303
21.9877 4.97448 19.8841
21.2227 4.62945 18.9762
4.00696 13.4239 20.9828
 4.1728 12.5524 21.3233
