16.3498 15.4592 14.8687
9.07694 14.3032 23.0756
22.2132 4.43027 20.0107
10.9865 14.2724 24.2373
15.6618  12.807 19.8668
16.3942 13.4045  20.629
8.78739 13.0903 24.8461
14.4834 12.5869 21.7352
10.2804 12.1693 25.4562
18.1824 10.9206 20.6691
6.83171 15.3207 22.7978
8.63503 12.5294 25.4251
12.3754 12.0827 23.9752
10.0366 15.3563 18.4213
7.89021 13.6913   26.59
  13.81 10.8686 24.8666
21.6702 4.81775 20.0025
13.7462 9.93909 25.8108
20.2466 10.7739 15.9359
20.8268 8.39446 20.5259
13.9916 15.5762 16.4298
13.5242  15.909 17.4206
10.9969 14.9357 18.8323
8.49025 13.9692 21.4048
8.73039  14.339 22.6046
8.53867 14.0792 22.8603
16.7339 13.7904 19.4781
19.4698 12.9105 16.3317
 20.088 10.4349 14.6408
19.6557 11.5895 20.6051
18.9773 11.3208 20.6162
18.1346 10.8016 19.8618
18.4848 11.8449 16.4654
20.2172 10.0581 14.9043
20.7368 8.40419 21.7031
13.4101 15.3796 17.6931
10.7617 11.9595  24.844
15.2286 15.9899 15.4522
10.0448 14.3421 24.1819
4.34965 14.7793 24.3833
13.3262 13.2881 23.2894
12.9597 9.96383 24.8154
20.7889 3.97974 17.2291
9.17444 14.8344 22.9222
14.8049  11.396 26.1553
13.2033 8.28146 29.0512
21.7927 5.59443 20.6143
21.7068  5.4725 18.4475
20.2613 10.3973 15.2963
22.4093 4.29725 17.6913
6.59968 14.8754 22.9914
6.40987 14.4404 22.3809
10.4416 14.0678 23.9611
13.0819 11.3964 25.6704
13.1485 11.4433 25.8001
22.3281 2.94927 19.1083
12.3932 14.6482  20.038
9.27736 14.9353 21.1558
5.90343 12.6597 25.1497
20.6635 9.95119 15.7563
21.5142 5.06486 16.5243
12.4424 13.6785 22.1699
18.2148 11.4493 16.9819
21.2207 8.12327 15.4257
21.7123 7.41337 18.4727
21.5682 6.52535 19.8207
21.4162 4.71029 17.4963
 21.262 8.64891 14.4378
3.13496 14.8568 23.8469
2.69051  15.039  23.008
13.4504   9.396 28.9086
11.3457 9.76412 29.7035
15.2268 11.8046 20.4538
7.66871 13.8597   26.99
15.7965 15.4049 16.9853
12.0705 11.8228 26.5758
19.3824 9.20463 20.8254
 22.016 5.82613 15.2027
8.40843 15.3063 20.9835
21.2337 6.98919 18.6369
15.0671 13.7271 19.4711
13.2075 10.7302 26.5828
13.3939 14.1824 20.3913
14.3752 14.2356 17.9842
13.8804 12.9765 21.9335
8.44898 14.2524 22.7748
14.8909 9.27155 27.9316
13.5092 9.88105 27.5783
12.2301 14.0792  19.418
4.01756 14.1047 23.6108
5.16006 15.0152 21.9548
 18.522 10.1729 21.2075
12.9843 15.5054  17.794
9.29587 14.1055  23.469
4.67083 14.9452  21.975
4.69385  15.006 22.0579
20.9825  8.2766 21.0589
10.3422 13.8834 23.6337
13.0314 12.8478 23.2692
7.52798 12.6115 25.7091
16.6917 12.9699 17.7204
 9.6482 12.3616 25.7627
 9.6729 12.4017 25.8408
11.3235 11.1653 28.0039
 21.573 4.52677 16.2495
4.06085 15.1541 23.5222
14.7111  14.726  18.399
9.99635 15.3188 19.4601
10.1453 12.4672 26.5646
12.5739  12.909 22.6309
21.6748 4.92611 19.0423
 12.516 13.0983 23.6967
12.0889  13.699 24.3055
19.7334 9.87453 15.3185
 22.708 5.27152 19.3261
 7.5045 13.9229 23.1137
19.9814 10.2366 15.1074
 3.4967 14.4111   23.64
12.6754 14.9473  19.423
11.9518 13.1048 23.2878
5.21645 14.7051 22.8186
16.0556 12.4505 21.7042
22.7173 5.62249 16.3971
8.98562 13.7676 23.8851
16.4327 12.1503 21.5972
9.56003 14.0987 22.9698
5.98696 13.9166 23.7163
3.50618 13.8528 24.5964
8.73188 14.8633 20.9248
12.2101 13.5822 22.4444
13.1223 13.7222 22.4025
11.9273 13.0731 23.1905
16.2721 13.5506 18.3023
20.5711 8.30915 20.3284
13.2862 14.0064  21.331
 17.215 13.8636 17.7434
19.1075 12.2917  16.923
19.8253 9.10063 19.6183
22.3632 5.56475 17.3047
21.8248 5.49997 18.5668
9.60324 13.6689 22.6994
18.7256  10.972 17.5015
18.2655 13.0969 17.8051
20.0277 10.9772 15.9613
16.5156 14.6373 15.5783
 9.7917 14.9503 22.3475
13.8889 14.2167 19.8279
13.8699 13.6239 22.4836
13.1689 12.7941 22.3416
21.6702 4.23752 20.3942
22.6818 7.11234 20.6326
15.4041  11.505 21.6096
19.4193 9.61694 20.5843
17.4671 12.5382 18.6921
7.85542 16.0052 21.1853
9.01423 14.6264 21.1058
3.26129 13.9399 23.1629
10.0058 14.3034 23.1267
18.3215 11.5118 17.5893
9.23463 12.4347 25.0508
10.4399 13.9706 23.0908
15.6502 12.9655 21.4844
19.1524 10.7159 15.8346
18.1293 10.3466 20.7008
19.5418 9.72833 19.9706
 19.422 8.94366 20.8467
13.2227 14.6756 21.0554
21.1923 4.55209 19.4442
22.5005 3.65771 19.9238
7.63816 14.6316 22.7261
4.86691 13.7294 23.9798
21.4587 6.82854 19.2306
 15.849 13.4275  18.427
11.2486 12.9948 24.4131
3.67287 14.8659  22.969
2.43664 14.6403 22.7226
8.60413 14.5491 22.4052
3.46716 16.4073 23.1015
20.1312 6.52138 18.5267
21.7653 7.41048 19.7834
2.57553 14.9875 22.2976
12.3541 11.5812 25.2661
22.3022 4.92486 17.3466
21.0658 9.27852 15.7499
12.7931 14.3266  20.004
19.4157 10.2241 17.7761
 19.757 11.0233  16.221
19.9248 8.58412 19.4714
14.1204 14.0621 21.3326
19.5059 11.4889 16.3949
17.7372 12.4378 18.3562
5.52755 14.7421 20.9506
22.6114 4.68665 16.9535
9.20307  15.501 20.3662
 13.536  15.357 17.1402
4.81925 15.2943 21.4542
4.10456  15.024 22.5131
 8.3091 14.7501 21.5719
4.05156 14.2175  23.817
14.5457 14.0103 19.6525
12.1046 13.5102 22.3004
16.0345 13.4351 17.9181
6.43201 12.9234 25.5532
13.0309 14.9154 20.9494
6.77336 14.6315 24.1269
5.05444 14.1926 23.9173
16.2546 12.6748 20.0876
19.1931 12.3624 18.3382
8.30163  15.642 20.0492
21.6601 8.08321 19.4834
15.7459 15.5843 15.8927
2.91883 14.9802 21.6357
7.67784 15.0596 19.7974
2.12862 14.6942 22.5901
13.1999 14.6768 21.0527
 15.282 12.7479 20.1201
19.0193 12.0276 15.2515
20.1842 9.76292 16.1073
22.2214 6.92001 19.4529
22.4577 5.97235 16.1467
17.3527 13.4834 17.6405
7.09305 12.3069 25.5174
18.6046 11.2619 19.4121
12.4983 10.5381  28.642
20.8316  6.6349  18.651
5.29225  15.461 20.7839
7.01992  12.987  25.886
13.1558 12.2471 23.4175
 20.927  9.8277 14.2905
8.14065 12.9477 26.0842
15.3628 12.7172 22.5021
 19.612 11.5441 15.3235
8.16523 14.7255 22.7038
7.85889 12.1828 26.5826
11.9285 13.8414 23.3857
4.03433  15.175 21.1492
15.5689 12.2152 22.4633
11.7714 14.8099  20.256
7.31447 15.2164 21.1252
13.6508 9.07331 27.9645
21.3332 4.64733 19.6248
4.75723 15.1768 21.2687
15.3482 14.5649 16.0047
2.40968 14.4341 22.4528
11.7319 11.5012 27.6466
5.48664 15.0335 19.3994
21.1187 5.57956 19.2815
6.81262 13.3559 24.7147
2.66492 15.0516 22.8983
11.6213   10.25 29.2221
8.22354 12.8029 24.8925
7.98731 13.0895 27.0256
18.5168 10.4624 20.3287
19.5419 10.6467 15.7617
12.0186 8.47578 30.0648
8.90066 13.5883 21.4142
13.7387 7.46639 28.6624
 3.7607 13.2427 24.2964
16.1461 14.2517 18.9701
 14.774 8.29088 27.6097
12.9118 15.7577 17.6117
19.8573 10.2145 16.4277
 9.2692 13.8831 22.4952
16.7641 13.0511 19.5919
9.31909 14.6204 21.7657
22.2056 3.56182 19.2491
15.3009 11.4745 21.5392
9.74243 14.5744 23.4307
11.8298 9.60173 30.2481
 22.041 5.90509 20.2929
 3.9573 14.2928 23.5507
17.0688 12.5846 18.1842
13.6828 10.1254 27.2001
20.1925 10.1445 16.2283
11.9084 11.6884 22.9838
11.1685 8.21557 29.9417
14.4107 11.1372 24.9225
8.80496 14.4458 22.7493
16.3303 13.5711 17.4557
7.62771 15.0246 19.7566
18.0087 11.4861 19.0533
22.5059 5.99856 16.2803
4.03089 15.5011 20.9389
13.2461 11.3071 22.8472
2.65058 15.1042 22.5369
3.38625  14.417 23.3622
17.3605 12.1532 16.2458
17.3263 12.7178 16.9586
10.6061 11.8746 28.7237
9.67376 14.7049  21.589
10.8535  12.295 23.6666
15.4129 12.5621 19.5387
19.5352 8.14762 21.1583
10.7392 11.8845 27.3593
15.7456 11.4595 22.9976
17.8396 12.0381 15.9334
11.9129 15.2349 18.4347
11.2535 12.4112 26.8019
9.01517 12.5779 25.9844
4.64145 15.3217 20.3899
16.4382 13.8333 17.1219
8.97472 12.4983 25.2587
15.7743 13.7921 17.0755
14.2711 13.0305 18.3806
12.8424  15.393 19.6938
12.3617 15.8764 19.3835
20.0561 8.56478 21.1136
10.4176 11.9271 25.8928
19.9829 11.4959 17.0179
21.3468 7.35488 19.7438
14.9182 9.87725 26.9671
17.0225 11.7934 15.0633
13.5345   14.93 17.1775
12.7415 9.88864 28.3455
18.1528 12.5056 16.0016
7.19235 14.8646 19.6133
 19.184 10.7775 19.3413
12.7242 9.83632 28.2199
3.52432 13.9068 24.6976
6.23846 14.8941 19.2296
 10.587  15.441 19.9741
 12.612 14.1027 21.0206
 14.059 14.8685 17.0712
12.3067 10.9652 28.6913
20.5409  6.1006 19.5801
3.19719 15.1635 21.5896
15.2066 8.12077 28.4152
13.8384 12.4452 21.7169
17.3984 12.2493 17.4013
14.2124 10.2597 24.9846
3.46863 14.9034 23.1678
12.4036 14.7156 18.4728
 13.219 10.9061 24.7085
21.1084  10.333 13.6254
  17.76 11.7776 18.6434
13.4225 14.2034 19.7025
12.3687 8.98397 28.6461
13.1649  11.579 22.1431
13.7732 15.2155 16.9864
19.2553  10.486  21.155
5.05288 15.1499 22.2428
3.99825 15.3429 19.9637
3.50046 14.7896 22.2854
2.21405 13.9144 22.2505
10.5085 12.3914 25.0861
18.1953 10.9796 14.9774
16.9679 11.5963 21.3007
4.57779 15.0329 19.9717
19.0094 10.5108 16.3132
 4.9401 14.9284 22.6259
9.35301 13.9174 21.5727
16.7175 13.9219 18.6248
10.9513 9.21102 29.4348
8.00445 15.6789 20.7539
4.78485 14.0346 23.5064
18.7982  11.625 16.5327
 22.321 5.14674 20.2441
3.14407 14.6715 23.1335
  15.98 14.6696 15.6075
16.6994 13.7427 17.2385
13.8285  14.742 19.7989
10.8646  12.313 24.3353
7.90371 14.2536 26.4531
7.97896 14.6344 19.9268
  12.45 11.2095  25.933
 15.214 13.8432 19.4929
18.3149 10.5078 20.0667
17.7524 13.1565 15.7211
13.3996 8.46713 29.5195
9.05959 13.3935 23.4017
8.94765  13.359 23.8431
 14.714 12.3836 22.6528
6.17235 14.2856 20.4408
13.6061 11.0769 23.4431
 9.9267 13.3931 23.5624
7.81332 13.7232  22.305
9.31909 14.6204 21.7657
14.4377  8.2947 27.2661
12.2806 11.0837 26.2774
18.7481 11.5989 17.8479
14.7967 14.5908 15.6399
15.7272 14.0413 17.4545
20.1387 8.98911 20.5519
7.08317  15.014 19.0725
10.7346 13.5697 22.9728
21.1848 6.96356 18.6536
14.0727 11.3232 26.7809
21.4618 2.59372 19.8693
7.92126 13.4982 23.6298
10.3413 12.5839 24.3168
19.8085 11.6619 16.5782
18.6414 9.44386 20.2418
21.9059 8.42647 18.6368
22.1851  3.9211  17.971
 9.9277 15.4063 18.8746
 11.904 15.0525 19.4877
 13.905 14.4805 18.5303
 13.192 14.3747 20.2327
17.1102 13.0551 18.5454
6.61457 13.9949  25.892
18.3529 13.2018  19.527
18.2799 11.7461 17.3545
12.1202 11.9686 24.3472
  18.92  10.553 16.8733
14.0318  10.833 24.1963
21.0548 9.24998 16.8632
11.3687 11.3733 26.0486
14.5818 8.51701 28.7461
 12.454 15.3655 17.8732
13.9376 15.3412   18.58
4.08399 14.9831 21.6433
9.03284 15.0161 21.9296
13.4487 14.5209  19.999
16.1296 13.4516 21.0232
13.7255  12.886 22.4608
4.24903 14.3183 22.9581
6.47481 13.0235 24.9099
7.98572 12.6249 26.2594
14.3664 10.6931 23.9247
14.5096 9.46418 28.4541
21.6116 5.60615  19.286
21.8461 4.04218 18.7894
3.28494 14.8582 21.7676
8.30564 14.8855 21.1202
12.8185 14.5328 19.6375
14.6621 13.4617 22.2055
10.5224 11.3324 28.3588
16.6816 12.4875 18.0117
15.0184 12.8933 20.5921
 2.1058 14.1373  22.345
6.15333 13.2814 25.3484
3.40289 15.0324 22.0306
15.5213 12.9218 22.2382
7.01479 15.2732 19.8519
13.6501 14.7088 17.0937
10.1628 14.0534 23.1417
9.50277 13.2218 24.9199
16.9407 11.6976 20.6555
20.0412 10.1267 16.0473
14.0014 10.6918 27.7776
11.9625 8.91246  28.838
2.98708 14.6914 22.6038
19.0262  9.7643 21.0747
15.4048 12.7896 22.0442
18.5662 10.6925 20.4697
12.8823 10.1871 27.7439
12.2388 9.85351 28.4959
9.74548  14.085 21.5029
8.73628 13.9316 23.3278
19.8602 9.37386  20.828
14.9588 10.0806 24.6334
14.6381  8.3037 27.4654
12.0925 8.99727 29.1961
19.8679 7.81283 21.6068
5.42444 14.8792 21.6038
18.9145 11.1385 19.9242
17.6003 11.0976  20.411
5.48023 15.2604 22.8324
9.21653 13.4033 24.6125
12.1323 10.4002 28.7505
22.2695 4.24889 16.8125
10.4075 14.3397 25.2016
6.35444 13.9975 22.8875
3.55367 15.3559 22.1096
18.0381   11.37 16.8295
18.8652 10.2137 20.5758
2.89591 14.7092 22.2024
14.8243 11.7304  21.707
 13.358 14.1599 20.3284
11.9344 10.9515 27.6734
20.6669 8.61254 19.1214
19.5766  8.3683 21.4418
22.2614 6.17136 19.5832
16.4603 11.9716 20.4661
 19.031 11.4232 16.8938
21.8235 3.44903 20.2394
7.44634 13.4789 24.8484
16.1168 13.9815 16.2158
10.5107 13.6835 24.0376
18.4441 12.3845 17.5298
21.0641 3.56829 18.1269
12.6789 15.1105 19.4434
20.0797 12.6973 16.0563
20.6759 9.83573 14.7249
22.5489 4.88924 15.9995
18.2849 11.1212  20.049
12.7171  14.338 19.3481
8.67516 14.5388 20.5782
13.2837 11.7582 24.2389
9.94813 14.1311 23.5732
11.3049 12.0401 25.8076
9.63304 12.6549 24.7291
14.2746 15.0141 17.8955
13.8352 12.8974 19.8804
21.1101  7.4522   18.49
10.1275 13.9739 21.5039
13.0685 8.81799 28.9712
  10.54 14.6512 18.8332
14.0659 9.94275 25.1288
 3.2219 14.5761 21.9119
12.3795  10.719 27.7652
17.7948 11.2686 20.2011
8.06315 13.2428 27.3562
7.78889 14.7308  22.274
9.88451 12.1188 26.4644
14.2232 13.1967 21.6796
17.3636 12.1135 19.5873
6.85077 12.7551  25.505
13.0718 14.2946 20.0981
8.98991 13.2167 26.0244
4.72147 14.2104 22.8381
20.0942 9.87608 14.6437
16.7999 13.0137   18.36
17.7217 10.7872 21.1349
22.0834 5.17354 18.7512
20.2663 4.11202 19.5991
18.6496 10.3456 16.8161
13.7143 9.91708 25.7473
22.6575 5.20044 18.0612
13.4274 8.82003 28.6453
17.5524 13.3089 16.5676
13.3698 14.4484 19.8249
7.82766 13.3232 22.9391
  16.05 12.8922 19.3488
9.14495 14.2441 21.9928
5.55053 14.8588 22.5624
22.5381 5.67609 20.7884
 22.246 5.50041 20.3611
4.41391 14.6031 22.6028
4.57984 13.7133  22.962
16.2652 15.2664 14.6728
8.99236 14.1105 22.8798
22.1286 4.23752 19.8149
 10.902 14.0796 24.0414
15.5772 12.6143  19.671
16.3097 13.2118 20.4331
8.70282 12.8975 24.6502
14.3989 12.3941 21.5393
10.1959 11.9765 25.2603
18.0978 10.7278 20.4733
6.74713 15.1279 22.6019
8.55045 12.3367 25.2292
12.2908   11.89 23.7794
9.95204 15.1636 18.2254
7.80563 13.4986 26.3941
13.7254 10.6759 24.6707
21.5856   4.625 19.8067
13.6617 9.74634  25.615
 20.162 10.5811   15.74
20.7422 8.20171   20.33
 13.907 15.3834 16.2339
13.4396 15.7163 17.2247
10.9123  14.743 18.6364
8.40567 13.7764 21.2089
8.64581 14.1462 22.4087
8.45409 13.8864 22.6645
16.6493 13.5977 19.2822
19.3852 12.7177 16.1359
20.0034 10.2422 14.4449
19.5712 11.3968 20.4092
18.8927  11.128 20.4203
  18.05 10.6088 19.6659
18.4002 11.6521 16.2695
20.1326 9.86531 14.7084
20.6523 8.21144 21.5072
13.3256 15.1869 17.4973
10.6771 11.7667 24.6482
 15.144 15.7971 15.2563
9.96025 14.1493 23.9861
4.26507 14.5865 24.1875
13.2416 13.0953 23.0936
12.8751 9.77108 24.6196
20.7043 3.78699 17.0332
9.08986 14.6417 22.7263
14.7204 11.2033 25.9595
13.1187 8.08871 28.8553
21.7081 5.40168 20.4184
21.6222 5.27975 18.2516
20.1767 10.2046 15.1004
22.3247  4.1045 17.4954
 6.5151 14.6826 22.7955
 6.3253 14.2477  22.185
10.3571 13.8751 23.7652
12.9973 11.2037 25.4745
13.0639 11.2506 25.6042
22.2436 2.75653 18.9125
12.3086 14.4555 19.8421
9.19278 14.7425   20.96
5.81885 12.4669 24.9538
20.5789 9.75845 15.5604
21.4296 4.87211 16.3284
12.3578 13.4858  21.974
18.1303 11.2565 16.7861
21.1361 7.93052 15.2298
21.6277 7.22062 18.2768
21.4836  6.3326 19.6248
21.3316 4.51754 17.3004
21.1774 8.45616 14.2419
3.05038 14.6641  23.651
2.60593 14.8463 22.8121
13.3658 9.20325 28.7128
11.2612 9.57138 29.5076
15.1423 11.6119 20.2579
7.58413 13.6669 26.7941
 15.712 15.2121 16.7894
 11.986 11.6301   26.38
19.2978 9.01188 20.6296
21.9314 5.63338 15.0068
8.32386 15.1136 20.7876
21.1491 6.79644  18.441
14.9825 13.5343 19.2753
13.1229 10.5375 26.3869
13.3093 13.9896 20.1955
14.2906 14.0429 17.7883
13.7959 12.7837 21.7377
8.36441 14.0596  22.579
14.8063 9.07881 27.7357
13.4246  9.6883 27.3824
12.1455 13.8865 19.2222
3.93298 13.9119  23.415
5.07548 14.8225  21.759
18.4374 9.98016 21.0116
12.8998 15.3126 17.5982
9.21129 13.9128 23.2732
4.58626 14.7524 21.7791
4.60927 14.8133  21.862
 20.898 8.08386 20.8631
10.2576 13.6906 23.4378
12.9468  12.655 23.0733
 7.4434 12.4187 25.5132
16.6071 12.7772 17.5245
9.56362 12.1689 25.5669
9.58832 12.2089 25.6449
11.2389 10.9725  27.808
21.4884 4.33402 16.0537
3.97627 14.9613 23.3264
14.6265 14.5332 18.2031
9.91178 15.1261 19.2642
10.0607 12.2744 26.3687
12.4893 12.7163  22.435
21.5903 4.73336 18.8464
12.4314 12.9055 23.5008
12.0043 13.5063 24.1097
19.6488 9.68178 15.1226
22.6235 5.07877 19.1302
7.41992 13.7301 22.9178
19.8968 10.0439 14.9115
3.41212 14.2183 23.4442
12.5908 14.7545 19.2271
11.8673 12.9121 23.0919
5.13187 14.5124 22.6227
 15.971 12.2577 21.5084
22.6327 5.42975 16.2012
8.90105 13.5749 23.6892
16.3482 11.9575 21.4013
9.47545 13.9059 22.7739
5.90238 13.7239 23.5205
 3.4216 13.6601 24.4006
8.64731 14.6706 20.7289
12.1255 13.3894 22.2485
13.0377 13.5294 22.2066
11.8427 12.8804 22.9947
16.1876 13.3579 18.1064
20.4865  8.1164 20.1326
13.2017 13.8137 21.1352
17.1305 13.6709 17.5476
19.0229 12.0989 16.7271
19.7407 8.90788 19.4224
22.2787   5.372 17.1088
21.7402 5.30722  18.371
9.51867 13.4761 22.5036
 18.641 10.7792 17.3056
18.1809 12.9042 17.6092
19.9431 10.7844 15.7654
 16.431 14.4446 15.3824
9.70712 14.7576 22.1517
13.8043  14.024 19.6321
13.7853 13.4311 22.2877
13.0843 12.6014 22.1457
21.5856 4.04477 20.1984
22.5972  6.9196 20.4368
15.3195 11.3122 21.4138
19.3347 9.42419 20.3884
17.3825 12.3455 18.4962
7.77084 15.8125 20.9895
8.92965 14.4337 20.9099
3.17671 13.7471 22.9671
9.92125 14.1107 22.9308
 18.237  11.319 17.3934
9.15005 12.2419 24.8549
10.3553 13.7778  22.895
15.5657 12.7728 21.2885
19.0678 10.5232 15.6387
18.0447 10.1539 20.5049
19.4572 9.53559 19.7747
19.3374 8.75091 20.6508
13.1381 14.4829 20.8596
21.1077 4.35934 19.2483
 22.416 3.46496 19.7279
7.55358 14.4389 22.5303
4.78233 13.5366  23.784
21.3741 6.63579 19.0348
15.7645 13.2348 18.2311
 11.164 12.8021 24.2173
3.58829 14.6732 22.7731
2.35206 14.4476 22.5268
8.51955 14.3563 22.2093
3.38259 16.2146 22.9056
20.0466 6.32863 18.3308
21.6807 7.21773 19.5876
2.49095 14.7947 22.1017
12.2696 11.3885 25.0702
22.2176 4.73211 17.1508
20.9812 9.08577 15.5541
12.7085 14.1339 19.8081
19.3311 10.0313 17.5802
19.6724 10.8305 16.0251
19.8403 8.39137 19.2755
14.0359 13.8693 21.1367
19.4213 11.2962  16.199
17.6526 12.2451 18.1603
5.44297 14.5493 20.7548
22.5268  4.4939 16.7577
9.11849 15.3082 20.1703
13.4514 15.1642 16.9443
4.73467 15.1015 21.2583
4.01999 14.8312 22.3172
8.22452 14.5574 21.3761
3.96699 14.0248 23.6211
14.4611 13.8175 19.4567
  12.02 13.3175 22.1045
  15.95 13.2423 17.7222
6.34744 12.7307 25.3573
12.9463 14.7226 20.7535
6.68878 14.4387 23.9311
4.96986 13.9999 23.7214
  16.17  12.482 19.8918
19.1085 12.1696 18.1423
8.21706 15.4492 19.8533
21.5756 7.89046 19.2875
15.6614 15.3915 15.6968
2.83425 14.7875 21.4398
7.59326 14.8668 19.6015
2.04404 14.5015 22.3942
13.1153  14.484 20.8568
15.1975 12.5552 19.9243
18.9347 11.8348 15.0557
20.0996 9.57017 15.9114
22.1368 6.72726 19.2571
22.3731  5.7796 15.9508
17.2681 13.2907 17.4446
7.00848 12.1141 25.3216
  18.52 11.0691 19.2163
12.4137 10.3453 28.4461
20.7471 6.44215 18.4552
5.20768 15.2682 20.5881
6.93534 12.7943 25.6902
13.0712 12.0544 23.2216
20.8424 9.63495 14.0946
8.05607  12.755 25.8883
15.2782 12.5245 22.3062
19.5274 11.3514 15.1276
8.08065 14.5328 22.5079
7.77432   11.99 26.3868
11.8439 13.6487 23.1898
3.94975 14.9822 20.9533
15.4844 12.0225 22.2674
11.6868 14.6172 20.0602
7.22989 15.0237 20.9294
13.5662 8.88056 27.7686
21.2486 4.45458  19.429
4.67266  14.984 21.0728
15.2636 14.3721 15.8088
 2.3251 14.2413 22.2569
11.6474 11.3084 27.4507
5.40206 14.8408 19.2036
21.0341 5.38681 19.0856
6.72804 13.1631 24.5188
2.58034 14.8589 22.7025
11.5367 10.0573 29.0263
8.13896 12.6101 24.6967
7.90273 12.8968 26.8298
18.4323 10.2697 20.1328
19.4574  10.454 15.5658
 11.934 8.28304 29.8689
8.81609 13.3956 21.2184
13.6541 7.27364 28.4665
3.67612   13.05 24.1006
16.0615 14.0589 18.7742
14.6894 8.09813 27.4138
12.8272  15.565 17.4159
19.7728 10.0218 16.2318
9.18462 13.6904 22.2993
16.6795 12.8583  19.396
9.23451 14.4276 21.5698
 22.121 3.36907 19.0532
15.2163 11.2818 21.3433
9.65786 14.3817 23.2348
11.7453 9.40898 30.0522
21.9564 5.71234  20.097
3.87272    14.1 23.3549
16.9842 12.3918 17.9884
13.5982 9.93263 27.0043
 20.108 9.95172 16.0324
11.8239 11.4956  22.788
11.0839 8.02282 29.7458
14.3261 10.9445 24.7266
8.72038  14.253 22.5534
16.2457 13.3784 17.2598
7.54314 14.8318 19.5607
17.9241 11.2933 18.8574
22.4214 5.80582 16.0844
3.94631 15.3083  20.743
13.1615 11.1143 22.6514
2.56601 14.9114 22.3411
3.30168 14.2243 23.1664
17.2759 11.9605   16.05
17.2417 12.5251 16.7627
10.5215 11.6818 28.5278
9.58919 14.5122 21.3931
 10.769 12.1023 23.4708
15.3283 12.3693 19.3429
19.4506 7.95488 20.9624
10.6547 11.6917 27.1635
 15.661 11.2667 22.8017
 17.755 11.8454 15.7375
11.8283 15.0421 18.2389
11.1689 12.2184 26.6061
 8.9306 12.3851 25.7886
4.55687 15.1289  20.194
16.3536 13.6406 16.9261
8.89014 12.3056 25.0628
15.6898 13.5993 16.8797
14.1865 12.8377 18.1847
12.7579 15.2003  19.498
12.2771 15.6836 19.1877
19.9715 8.37203 20.9178
 10.333 11.7343  25.697
19.8983 11.3032  16.822
21.2622 7.16214  19.548
14.8336  9.6845 26.7712
16.9379 11.6007 14.8674
13.4499 14.7373 16.9817
12.6569 9.69589 28.1497
18.0683 12.3129 15.8057
7.10777 14.6718 19.4174
19.0994 10.5848 19.1454
12.6396 9.64358 28.0241
3.43975 13.7141 24.5017
6.15388 14.7014 19.0338
10.5024 15.2483 19.7783
12.5274 13.9099 20.8247
13.9744 14.6757 16.8753
12.2221 10.7724 28.4954
20.4563 5.90785 19.3843
3.11261 14.9707 21.3937
 15.122 7.92803 28.2193
13.7538 12.2524 21.5211
17.3138 12.0566 17.2055
14.1278  10.067 24.7887
3.38406 14.7107 22.9719
 12.319 14.5228 18.2769
13.1345 10.7134 24.5126
21.0238 10.1403 13.4296
17.6755 11.5848 18.4475
13.3379 14.0106 19.5066
12.2841 8.79122 28.4503
13.0803 11.3863 21.9473
13.6886 15.0227 16.7905
19.1707 10.2933 20.9591
4.96831 14.9571  22.047
3.91368 15.1501 19.7678
3.41588 14.5968 22.0895
2.12947 13.7217 22.0547
10.4239 12.1987 24.8902
18.1107 10.7868 14.7816
16.8833 11.4035 21.1049
4.49322 14.8401 19.7759
18.9248 10.3181 16.1173
4.85552 14.7356   22.43
9.26843 13.7247 21.3768
 16.633 13.7292  18.429
10.8667 9.01827 29.2389
7.91987 15.4862  20.558
4.70028 13.8418 23.3106
18.7137 11.4322 16.3368
22.2364 4.95399 20.0482
 3.0595 14.4787 22.9376
15.8955 14.4768 15.4116
16.6148 13.5499 17.0427
13.7439 14.5493 19.6031
  10.78 12.1203 24.1395
7.81914 14.0609 26.2572
7.89438 14.4416 19.7309
12.3655 11.0167 25.7371
15.1294 13.6504 19.2971
18.2303  10.315 19.8708
17.6679 12.9638 15.5252
 13.315 8.27438 29.3236
8.97501 13.2008 23.2058
8.86307 13.1662 23.6472
14.6294 12.1908  22.457
6.08777 14.0928 20.2449
13.5215 10.8842 23.2473
9.84213 13.2003 23.3665
7.72874 13.5305 22.1091
9.23451 14.4276 21.5698
14.3531 8.10195 27.0702
 12.196 10.8909 26.0815
18.6636 11.4061 17.6521
14.7122 14.3981  15.444
15.6427 13.8485 17.2586
20.0541 8.79636  20.356
6.99859 14.8212 18.8766
  10.65 13.3769  22.777
21.1002 6.77081 18.4578
13.9881 11.1305  26.585
21.3772 2.40097 19.6734
7.83668 13.3054 23.4339
10.2567 12.3912 24.1209
 19.724 11.4691 16.3824
18.5568 9.25111 20.0459
21.8213 8.23372 18.4409
22.1005 3.72835 17.7752
9.84312 15.2135 18.6788
11.8194 14.8597 19.2919
13.8204 14.2878 18.3345
13.1074  14.182 20.0368
17.0256 12.8624 18.3495
6.52999 13.8022 25.6961
18.2683 13.0091 19.3311
18.1954 11.5533 17.1587
12.0356 11.7758 24.1513
18.8354 10.3603 16.6775
13.9472 10.6402 24.0004
20.9702 9.05724 16.6674
11.2841 11.1805 25.8527
14.4973 8.32426 28.5503
12.3695 15.1728 17.6774
 13.853 15.1484 18.3841
3.99942 14.7903 21.4474
8.94827 14.8233 21.7337
13.3642 14.3282 19.8032
16.0451 13.2589 20.8273
 13.641 12.6933 22.2649
4.16445 14.1256 22.7623
6.39024 12.8308  24.714
7.90115 12.4321 26.0635
14.2818 10.5004 23.7288
 14.425 9.27143 28.2582
 21.527  5.4134 19.0901
21.7615 3.84943 18.5935
3.20036 14.6655 21.5718
8.22106 14.6927 20.9243
12.7339   14.34 19.4417
14.5775  13.269 22.0097
10.4378 11.1396 28.1629
 16.597 12.2947 17.8158
14.9338 12.7006 20.3962
2.02123 13.9445 22.1492
6.06875 13.0887 25.1526
3.31831 14.8397 21.8347
15.4367 12.7291 22.0423
6.93021 15.0804  19.656
13.5655  14.516 16.8978
10.0782 13.8607 22.9459
9.41819 13.0291  24.724
16.8562 11.5049 20.4596
19.9566 9.93394 15.8514
13.9169 10.4991 27.5817
11.8779 8.71971 28.6422
 2.9025 14.4986  22.408
18.9417 9.57156 20.8788
15.3202 12.5968 21.8484
18.4816 10.4997 20.2739
12.7977  9.9943  27.548
12.1542 9.66076 28.3001
 9.6609 13.8923 21.3071
8.65171 13.7388  23.132
19.7756 9.18112 20.6321
14.8743 9.88789 24.4376
14.5536 8.11095 27.2696
12.0079 8.80453 29.0002
19.7833 7.62009 21.4109
5.33986 14.6864 21.4079
18.8299 10.9458 19.7283
17.5157 10.9049 20.2152
5.39565 15.0676 22.6365
9.13195 13.2105 24.4167
12.0477 10.2074 28.5546
 22.185 4.05614 16.6167
10.3229 14.1469 25.0057
6.26987 13.8048 22.6917
 3.4691 15.1632 21.9137
17.9535 11.1773 16.6336
18.7806  10.021 20.3799
2.81133 14.5164 22.0065
14.7397 11.5376 21.5112
13.2734 13.9671 20.1325
11.8498 10.7587 27.4775
20.5824  8.4198 18.9255
 19.492 8.17555 21.2459
22.1768 5.97861 19.3873
16.3757 11.7789 20.2702
18.9464 11.2304  16.698
21.7389 3.25628 20.0436
7.36176 13.2862 24.6525
16.0322 13.7887 16.0199
10.4261 13.4907 23.8417
18.3595 12.1918  17.334
20.9795 3.37554  17.931
12.5944 14.9177 19.2476
19.9951 12.5046 15.8604
20.5914 9.64299 14.5291
22.4643 4.69649 15.8037
18.2004 10.9284 19.8531
12.6326 14.1453 19.1523
8.59059  14.346 20.3824
13.1992 11.5655  24.043
9.86355 13.9384 23.3773
11.2204 11.8473 25.6118
9.54846 12.4621 24.5333
  14.19 14.8213 17.6997
13.7507 12.7046 19.6845
21.0255 7.25945 18.2941
10.0429 13.7812 21.3081
12.9839 8.62524 28.7754
10.4554 14.4584 18.6373
13.9813    9.75 24.9329
3.13732 14.3833 21.7161
12.2949 10.5262 27.5694
17.7102 11.0759 20.0052
7.97857 13.0501 27.1604
7.70431 14.5381 22.0781
9.79994  11.926 26.2685
14.1386  13.004 21.4837
 17.279 11.9208 19.3915
6.76619 12.5624 25.3091
12.9872 14.1018 19.9022
8.90533  13.024 25.8285
4.63689 14.0176 22.6423
20.0096 9.68333 14.4478
16.7153  12.821 18.1641
17.6371 10.5944  20.939
21.9989 4.98079 18.5553
20.1818 3.91927 19.4032
 18.565 10.1529 16.6203
13.6297 9.72433 25.5515
22.5729 5.00769 17.8653
13.3428 8.62728 28.4495
17.4679 13.1162 16.3718
13.2852 14.2557  19.629
7.74308 13.1305 22.7432
15.9655 12.6995  19.153
9.06037 14.0513  21.797
5.46595  14.666 22.3665
22.4535 5.48334 20.5925
22.1614 5.30766 20.1652
4.32933 14.4103 22.4069
4.49526 13.5205 22.7661
