 -0.7809
-0.60744
 -1.0086
 -0.7086
 -0.9522
 -1.3266
 -0.7585
  -0.971
 -1.4077
  -0.665
  -0.898
 -1.3878
 -0.8234
 -0.8815
 -1.3518
 -0.5991
 -0.8406
 -1.4776
 -0.6099
 -0.7218
 -1.4257
 -0.8123
 -0.6341
 -1.0579
 -0.8736
-0.99089
 -1.1498
 -0.8784
-0.76747
 -1.2544
 -0.6805
 -1.1635
 -1.3434
 -0.5611
 -1.0643
 -1.3133
 -0.7044
  -0.963
 -1.3091
 -0.8723
 -1.0674
 -1.2402
 -0.8387
-0.99891
 -1.0695
 -0.8193
 -0.8647
 -1.3284
 -0.8052
 -0.8636
 -1.3252
 -0.7956
-0.88186
 -1.2882
 -0.7778
 -1.0004
 -1.1666
 -0.7908
-0.95679
 -1.0374
 -0.8462
-0.72012
 -1.2722
  -0.675
 -1.1419
 -1.3421
 -0.7591
 -1.2369
 -1.2936
 -0.6366
 -0.8946
 -1.4869
 -0.9371
-0.72961
 -1.0345
 -1.6521
-0.87806
 -1.9129
 -0.8288
-0.70142
 -1.0271
 -0.7853
-0.95968
 -1.0594
 -0.8159
-0.70181
 -0.9672
 -0.8283
-0.60253
 -0.9687
 -0.5917
  -1.013
 -1.3565
 -0.8745
-0.96237
 -1.1159
 -0.9114
-0.77093
 -1.0021
  -0.615
 -0.9454
 -1.4482
  -0.823
 -1.0003
 -1.2109
 -0.9226
-0.92173
 -1.0716
 -0.5523
-0.67428
 -0.8704
 -0.9894
-0.73224
 -1.2644
 -0.8763
-0.72215
 -1.0071
 -0.8824
-0.95216
 -1.0198
  -0.676
 -0.8916
 -1.2926
 -0.7598
 -1.1529
 -1.3274
  -0.835
-0.79537
 -1.2875
 -0.9275
-0.84095
  -0.978
  -0.878
-0.77254
 -1.1248
 -0.6949
 -0.9966
 -1.3346
 -0.6295
 -0.9882
 -1.3697
 -0.6776
 -1.0628
 -1.2907
 -0.6379
 -0.9013
 -1.3954
 -0.5982
 -1.0231
 -1.3251
 -0.8113
-0.82438
 -1.3297
 -0.6171
 -1.0952
 -1.2951
 -0.3103
-0.46934
  -0.728
 -0.6111
 -0.8673
 -1.4489
 -0.7402
 -1.0125
  -1.247
 -0.8857
-0.76602
 -0.9576
 -0.7073
 -1.0875
 -1.3448
 -0.5737
 -0.8654
 -1.3857
 -0.8609
-0.67943
   -1.06
 -0.6011
 -0.8782
 -1.4883
 -0.6111
 -0.9085
 -1.5682
 -0.8313
-0.96853
 -1.0815
 -0.8448
-0.66742
 -1.0455
 -0.8191
-0.97751
 -1.0725
 -0.5706
 -0.9805
 -1.2924
 -0.5793
 -0.8874
 -1.4643
 -0.7337
 -0.9001
 -1.4134
 -0.8943
-0.78385
   -0.99
  -0.735
 -0.8827
 -1.3872
 -0.5892
 -0.9224
  -1.436
 -0.6207
 -0.9248
  -1.445
 -0.5758
  -0.885
 -1.4498
 -0.7281
 -1.0159
 -1.2873
  -0.626
 -0.9589
 -1.4028
 -0.7644
 -1.0407
 -1.2853
 -0.8135
  -1.004
 -1.2129
 -0.6184
-0.69361
 -0.9925
 -0.8975
-0.75648
 -1.0269
 -0.8509
 -0.7076
  -1.049
 -0.8982
-1.00221
 -1.2599
 -0.8216
 -1.0281
 -1.2887
 -0.8196
  -0.976
 -1.1245
 -0.7698
 -1.1474
 -1.2182
 -0.6616
 -1.0202
 -1.3701
 -0.6799
 -0.9499
 -1.4968
 -0.6214
 -0.8959
 -1.4154
 -0.7681
 -0.5747
 -1.0183
 -0.6847
 -0.8542
 -1.3466
 -0.6919
-0.72545
 -1.1376
  -0.766
 -0.9671
 -1.2791
  -0.801
 -0.9675
 -1.2186
 -0.7023
 -0.9094
  -1.393
 -0.8185
-0.98707
 -1.1254
 -0.7907
-0.84073
 -1.3061
 -0.8351
 -0.8337
 -1.2642
 -0.8113
-0.77224
 -1.2589
 -0.6569
 -1.0209
 -1.4555
 -0.9395
 -0.6885
 -1.1673
 -0.8495
-0.59965
 -1.0319
  -0.872
-0.73464
 -1.1321
 -0.7037
 -1.0024
 -1.2753
  -0.819
-0.75629
 -1.0836
 -0.8978
 -0.7461
 -1.1928
 -0.5737
 -0.7655
 -1.4843
 -0.8796
 -0.7335
 -1.0016
 -0.8592
-0.92649
 -1.0769
 -0.6182
 -1.0141
 -1.3632
 -0.7903
-0.88396
 -1.1545
 -0.8784
 -1.0073
 -1.1815
 -0.6589
-0.70036
 -1.0061
 -0.6583
 -0.9616
 -1.4174
 -0.8659
 -1.0269
 -1.2413
 -0.8305
 -1.0239
 -1.3255
 -1.8798
 -0.9407
 -1.5832
 -0.6631
 -1.1335
 -1.2993
 -0.6882
 -1.0173
 -1.3633
 -0.5854
  -0.923
 -1.4251
  -0.728
  -1.026
 -1.2695
 -0.6355
 -1.0173
 -1.4345
  -0.743
 -0.9526
 -1.3528
 -0.8141
  -0.961
 -1.2661
 -0.9425
-0.80112
 -1.2352
  -0.761
 -1.1899
 -1.2899
 -0.6547
  -1.023
 -1.4536
 -0.7039
 -0.9517
   -1.34
 -0.8429
 -1.0598
 -1.1549
 -0.8478
-0.93851
 -1.1037
 -0.8847
-0.73073
 -1.1452
 -0.9172
-0.80826
 -1.0079
 -0.8358
 -1.0799
 -1.3295
 -0.8101
  -0.905
 -1.2827
 -0.6523
-0.67318
 -0.9367
 -0.6202
 -0.8491
 -1.4485
 -0.7549
-0.92997
 -0.9535
 -0.7204
 -0.8948
 -1.4602
 -0.8335
 -1.0283
 -1.1351
 -0.5776
 -0.9081
  -1.486
 -0.7119
 -0.8687
 -1.4311
 -0.5748
 -1.0165
 -1.3679
 -0.8641
-0.65592
  -1.083
 -0.7115
 -1.1223
 -1.2297
 -0.8798
-0.70702
 -1.1182
 -0.7994
-0.85214
 -1.2928
 -0.8141
-0.97092
 -1.1061
 -0.7564
 -1.0511
  -1.366
 -0.6396
  -1.137
 -1.3238
 -0.8358
-0.94846
 -1.1365
 -0.7241
 -0.9534
 -1.3088
 -0.9359
-0.64486
  -1.084
 -0.6792
 -0.8535
 -1.3319
 -0.8586
-0.66296
 -1.1205
 -0.7624
 -0.9901
 -1.2661
 -0.7083
-0.86955
  -0.995
 -0.5631
 -0.8351
  -1.383
 -0.6639
 -0.7695
 -1.5058
 -0.7551
 -1.0543
 -1.2783
 -0.7884
 -0.9259
 -1.2717
 -0.8981
-0.79996
 -1.0023
 -0.6002
  -0.814
 -1.3616
 -0.7994
 -1.0468
 -1.1967
 -0.7703
 -1.0276
 -1.2212
 -0.6608
  -0.926
 -1.2637
 -1.0087
-0.82541
 -1.4259
 -0.7065
 -0.8209
 -1.4204
 -0.7464
  -1.001
 -1.1247
 -0.6112
 -1.1104
 -1.3477
 -0.6891
 -1.0255
 -1.2138
 -0.7375
 -1.0871
  -1.272
 -0.5885
 -0.9332
 -1.1541
 -0.6719
 -1.1147
 -1.4505
 -0.5902
 -1.1121
 -1.3687
 -0.8332
-0.75172
 -1.2621
 -0.8797
 -0.9926
 -1.2249
 -0.8724
-0.74697
 -1.1769
 -0.7156
 -1.0181
 -1.0722
 -0.6505
 -1.1139
 -1.2787
 -0.8297
 -1.0673
 -1.2113
 -0.7985
-0.87233
 -1.2433
 -0.5336
 -1.0396
 -1.3552
 -0.6162
 -0.9874
 -1.4071
 -0.6596
 -1.0993
  -1.266
  -0.833
-0.70753
 -1.1124
 -0.6436
 -0.8977
 -1.3799
 -0.7512
 -0.9851
 -1.2109
 -0.6394
-0.72267
 -1.4491
 -0.5891
 -1.0433
 -1.2816
  -0.596
 -0.7475
  -1.431
 -0.7786
 -0.9707
  -0.961
 -0.7618
 -0.9333
 -1.2434
 -0.6337
 -1.0001
 -1.3377
 -0.6266
 -0.8679
 -1.3851
 -0.6556
 -1.1205
 -1.2748
 -0.8109
-0.81607
 -1.3177
 -0.7625
-1.00401
 -1.0781
 -0.7488
 -0.8673
 -1.3579
  -0.864
-0.99431
 -1.1707
 -0.7475
 -1.0227
 -1.3194
 -0.7785
  -0.976
 -1.1555
 -0.8461
 -0.6404
  -1.091
 -0.7474
 -1.1503
 -1.2337
 -0.7092
 -1.0329
  -1.233
 -0.6677
 -1.0409
 -1.3864
 -0.6915
 -0.9957
 -1.3347
 -0.7507
-0.83539
 -1.2364
 -0.7701
 -1.0615
 -1.1715
 -0.6661
 -0.8604
 -1.4163
 -0.6229
 -0.7979
 -1.4047
 -0.7805
 -0.9363
 -1.2036
 -0.7013
 -1.1371
 -1.2186
 -0.7306
 -1.0729
 -1.2821
 -0.7763
-0.75149
 -1.1913
 -0.8632
-0.76474
 -1.1181
 -0.8085
-0.57037
 -0.9828
  -0.854
 -1.0015
 -1.1968
 -0.8089
-0.81867
 -1.2605
 -0.8839
-0.81061
 -1.1597
 -0.8675
-0.67912
 -0.9843
-0.53991
 -1.1142
 -1.3531
 -0.5905
 -1.0583
  -1.361
 -0.6847
 -1.0766
 -1.3399
 -0.6452
  -1.017
 -1.3867
 -0.7711
 -1.0009
 -1.3001
 -0.8377
 -0.9926
 -1.3831
 -0.7742
 -0.9626
 -1.1882
 -0.5677
 -0.8064
 -1.4553
 -0.8225
 -0.9587
 -1.1639
 -0.6286
 -0.7607
 -1.4188
 -0.9036
-0.91298
 -1.1505
 -0.6244
 -1.1237
 -1.3212
 -0.6848
 -1.1073
 -1.3698
 -0.6559
 -1.0304
 -1.3865
 -0.7842
 -0.9872
 -1.4624
 -0.6557
 -0.9108
 -1.4532
 -0.6263
-0.75061
 -1.3835
  -0.868
-0.69763
 -1.0922
 -0.8135
-0.64458
  -0.976
 -0.6291
 -1.0368
 -1.3635
 -0.7174
  -0.956
 -1.4938
 -0.7773
 -1.0181
  -1.282
 -0.7097
 -0.9588
 -1.3809
 -0.7328
 -0.9175
  -1.466
   -0.66
 -1.1138
 -1.2734
 -0.7899
 -0.9146
  -1.371
 -0.8524
-0.96209
 -1.1248
 -1.0061
-0.98688
 -1.5646
 -0.6847
 -0.8819
 -1.3995
 -0.8221
-0.86534
 -1.3246
 -0.7727
-0.75824
 -1.2181
 -0.6566
-0.71903
 -1.4228
 -0.8334
-0.71261
 -1.2595
 -0.8565
 -0.9095
 -1.3359
 -0.7629
 -0.8689
 -1.3017
 -0.8499
-0.72087
 -0.9416
 -0.8158
 -1.0046
 -1.2024
  -0.854
-0.86011
 -1.3396
 -0.6619
 -0.8566
 -1.3454
 -0.6412
 -1.0028
 -1.3822
 -0.8658
 -0.8142
 -1.2041
 -0.8649
-0.75771
  -1.318
 -0.8385
-0.68898
 -1.0925
 -0.7275
 -0.9014
 -1.3243
 -0.8334
 -0.9882
 -1.1987
 -0.8217
-0.58331
 -1.0269
 -0.7391
 -1.1003
 -1.2305
 -0.7935
 -0.9947
  -1.233
 -0.8979
-0.68087
 -1.0275
   -0.63
   -1.07
 -1.3775
 -0.8381
-0.96711
 -1.0442
 -0.8961
-0.77298
 -0.9524
 -0.7713
 -0.8685
 -1.2793
 -0.6332
  -1.051
  -1.358
 -0.6104
 -0.7992
 -1.4546
 -0.6866
 -1.1021
 -1.3229
 -0.6464
 -0.9617
 -1.3111
 -0.8128
-0.76916
 -1.0838
 -0.5323
 -1.0424
 -1.2808
 -0.6301
-0.70607
 -1.4369
 -0.7871
 -0.8932
 -1.3164
 -0.6496
 -0.9176
  -1.395
  -0.772
 -0.9379
 -1.3119
 -0.6354
 -1.0144
 -1.3736
 -0.8546
-0.99153
 -1.0572
 -0.7516
 -1.0024
 -1.2854
 -0.7838
-0.85069
 -1.3446
 -0.8826
-0.69295
 -1.0653
 -0.8417
-0.65001
  -1.077
 -0.7831
-0.93218
 -1.1307
 -0.8756
-0.71044
 -1.0229
 -0.7757
 -1.0562
 -1.2235
 -0.6461
 -1.0293
 -1.3732
  -0.713
 -0.9618
 -1.3008
 -0.4658
-0.50886
 -0.7084
 -0.9387
-0.67822
 -1.1891
       0
       0
       0
       0
       0
       0
       0
       0
       0
       0
       0
       0
       0
       0
       0
       0
       0
       0
       0
       0
       0
       0
       0
       0
       0
       0
       0
       0
       0
       0
       0
       0
       0
       0
       0
       0
       0
       0
       0
       0
       0
       0
       0
       0
       0
       0
       0
       0
       0
       0
       0
       0
       0
       0
       0
       0
       0
       0
       0
       0
       0
       0
       0
       0
       0
       0
       0
       0
       0
       0
       0
       0
       0
       0
       0
       0
       0
       0
       0
       0
       0
       0
       0
       0
       0
       0
       0
       0
       0
       0
       0
       0
       0
       0
       0
       0
       0
       0
       0
       0
       0
       0
       0
       0
       0
       0
       0
       0
       0
       0
       0
       0
       0
       0
       0
       0
       0
       0
       0
       0
       0
       0
       0
       0
       0
       0
       0
       0
       0
       0
       0
       0
       0
       0
       0
       0
       0
       0
       0
       0
       0
       0
       0
       0
       0
       0
       0
       0
       0
       0
       0
       0
       0
       0
       0
       0
       0
       0
       0
       0
       0
       0
       0
       0
       0
       0
       0
       0
       0
       0
       0
       0
       0
       0
       0
       0
       0
       0
       0
       0
       0
       0
       0
       0
       0
       0
       0
       0
       0
       0
       0
       0
       0
       0
       0
       0
       0
       0
       0
       0
       0
       0
       0
       0
       0
       0
       0
       0
       0
       0
       0
       0
       0
       0
       0
       0
       0
       0
       0
       0
       0
       0
       0
       0
       0
       0
       0
       0
       0
       0
       0
       0
       0
       0
       0
       0
       0
       0
       0
       0
       0
       0
       0
       0
       0
       0
       0
       0
       0
       0
       0
       0
       0
       0
       0
       0
       0
       0
       0
       0
       0
       0
       0
       0
       0
       0
       0
       0
       0
       0
       0
       0
       0
       0
       0
       0
       0
       0
       0
       0
       0
       0
       0
       0
       0
       0
       0
       0
       0
       0
       0
       0
       0
       0
       0
       0
       0
       0
       0
       0
       0
       0
       0
       0
       0
       0
       0
       0
       0
       0
       0
       0
       0
       0
       0
       0
       0
       0
       0
       0
       0
       0
       0
       0
       0
       0
       0
       0
       0
       0
       0
       0
       0
       0
       0
       0
       0
       0
       0
       0
       0
       0
       0
       0
       0
       0
       0
       0
       0
       0
       0
       0
       0
       0
       0
       0
       0
       0
       0
       0
       0
       0
       0
       0
       0
       0
       0
       0
       0
       0
       0
       0
       0
       0
       0
       0
       0
       0
       0
       0
       0
       0
       0
       0
       0
       0
       0
       0
       0
       0
       0
       0
       0
       0
       0
       0
       0
       0
       0
       0
       0
       0
       0
       0
       0
       0
       0
       0
       0
       0
       0
       0
       0
       0
       0
       0
       0
       0
       0
       0
       0
       0
       0
       0
       0
       0
       0
       0
       0
       0
       0
       0
       0
       0
       0
       0
       0
       0
       0
       0
       0
       0
       0
       0
       0
       0
       0
       0
       0
       0
       0
       0
       0
       0
       0
       0
       0
       0
       0
       0
       0
       0
       0
       0
       0
       0
       0
       0
       0
       0
       0
       0
       0
       0
       0
       0
       0
       0
       0
       0
       0
       0
       0
       0
       0
       0
       0
       0
       0
       0
       0
       0
       0
       0
       0
       0
       0
       0
       0
       0
       0
       0
       0
       0
       0
       0
       0
       0
       0
       0
       0
       0
       0
       0
       0
       0
       0
       0
       0
       0
       0
       0
       0
       0
       0
       0
       0
       0
       0
       0
       0
       0
       0
       0
       0
       0
       0
       0
       0
       0
       0
       0
       0
       0
       0
       0
       0
       0
       0
       0
       0
       0
       0
       0
       0
       0
       0
       0
       0
       0
       0
       0
       0
       0
       0
       0
       0
       0
       0
       0
       0
       0
       0
       0
       0
       0
       0
       0
       0
       0
       0
       0
       0
       0
       0
       0
       0
       0
       0
       0
       0
       0
       0
       0
       0
       0
       0
       0
       0
       0
       0
       0
       0
       0
       0
       0
       0
       0
       0
       0
       0
       0
       0
       0
       0
       0
       0
       0
       0
       0
       0
       0
       0
       0
       0
       0
       0
       0
       0
       0
       0
       0
       0
       0
       0
       0
       0
       0
       0
       0
       0
       0
       0
       0
       0
       0
       0
       0
       0
       0
       0
       0
       0
       0
       0
       0
       0
       0
       0
       0
       0
       0
       0
       0
       0
       0
       0
       0
       0
       0
       0
       0
       0
       0
       0
       0
       0
       0
       0
       0
       0
       0
       0
       0
       0
       0
       0
       0
       0
       0
       0
       0
       0
       0
       0
       0
       0
       0
       0
       0
       0
       0
       0
       0
       0
       0
       0
       0
       0
       0
       0
       0
       0
       0
       0
       0
       0
       0
       0
       0
       0
       0
       0
       0
       0
       0
       0
       0
       0
       0
       0
       0
       0
       0
       0
       0
       0
       0
       0
       0
       0
       0
       0
       0
       0
       0
       0
       0
       0
       0
       0
       0
       0
       0
       0
       0
       0
       0
       0
       0
       0
       0
       0
       0
       0
       0
       0
       0
       0
       0
       0
       0
       0
       0
       0
       0
       0
       0
       0
       0
       0
       0
       0
       0
       0
       0
       0
       0
       0
       0
       0
       0
       0
       0
       0
       0
       0
       0
       0
       0
       0
       0
       0
       0
       0
       0
       0
       0
       0
       0
       0
       0
       0
       0
       0
       0
       0
       0
       0
       0
       0
       0
       0
       0
       0
       0
       0
       0
       0
       0
       0
       0
       0
       0
       0
       0
       0
       0
       0
       0
       0
       0
       0
       0
       0
       0
       0
       0
       0
       0
       0
       0
       0
       0
       0
       0
       0
       0
       0
       0
       0
       0
       0
       0
       0
       0
       0
       0
       0
       0
       0
       0
       0
       0
       0
       0
       0
       0
       0

U ( 1758, 1 ) 
