-0.000000
0.000000
0.000000
-0.000000
-0.000000
0.000000
0.000000
0.000000
0.000000
0.000000
-0.000000
-0.000000
0.000000
-0.000000
0.000000
0.000000
-0.000000
0.000000
-0.000000
-0.000000
0.314497
0.093399
0.207542
0.052314
0.135523
0.046201
0.077126
0.041856
0.025075
0.040329
-0.025075
0.040329
-0.077126
0.041856
-0.135523
0.046201
-0.207542
0.052314
-0.314497
0.093399
0.461558
0.217036
0.342091
0.160646
0.232022
0.136546
0.134905
0.124920
0.044264
0.119809
-0.044264
0.119809
-0.134905
0.124920
-0.232022
0.136546
-0.342091
0.160646
-0.461558
0.217036
0.544234
0.336618
0.420824
0.284869
0.295532
0.253750
0.174588
0.235956
0.057730
0.227969
-0.057730
0.227969
-0.174588
0.235956
-0.295532
0.253750
-0.420824
0.284869
-0.544234
0.336618
0.591967
0.456005
0.465641
0.414632
0.332745
0.384224
0.199051
0.364573
0.066180
0.355110
-0.066180
0.355110
-0.199051
0.364573
-0.332745
0.384224
-0.465641
0.414632
-0.591967
0.456005
0.619061
0.577918
0.489653
0.547397
0.352730
0.521285
0.212411
0.502838
0.070890
0.493469
-0.070890
0.493469
-0.212411
0.502838
-0.352730
0.521285
-0.489653
0.547397
-0.619061
0.577918
0.633684
0.703563
0.501313
0.682279
0.362112
0.661557
0.218698
0.645858
0.073115
0.637561
-0.073115
0.637561
-0.218698
0.645858
-0.362112
0.661557
-0.501313
0.682279
-0.633684
0.703563
0.640901
0.832994
0.505943
0.818834
0.365431
0.803283
0.220850
0.790790
0.073876
0.783977
-0.073876
0.783977
-0.220850
0.790790
-0.365431
0.803283
-0.505943
0.818834
-0.640901
0.832994
0.643886
0.965730
0.506834
0.956720
0.365567
0.945554
0.220818
0.936103
0.073856
0.930810
-0.073856
0.930810
-0.220818
0.936103
-0.365567
0.945554
-0.506834
0.956720
-0.643886
0.965730
0.644598
1.101104
0.505945
1.095636
0.364251
1.087919
0.219794
1.081057
0.073480
1.077123
-0.073480
1.077123
-0.219794
1.081057
-0.364251
1.087919
-0.505945
1.095636
-0.644598
1.101104
0.644208
1.238462
0.504385
1.235326
0.362459
1.230178
0.218455
1.225372
0.072991
1.222554
-0.072991
1.222554
-0.218455
1.225372
-0.362459
1.230178
-0.504385
1.235326
-0.644208
1.238462
0.643381
1.377242
0.502736
1.375576
0.360692
1.372262
0.217149
1.369005
0.072515
1.367053
-0.072515
1.367053
-0.217149
1.369005
-0.360692
1.372262
-0.502736
1.375576
-0.643381
1.377242
0.642472
1.517003
0.501270
1.516220
0.359171
1.514167
0.216031
1.512031
0.072106
1.510721
-0.072106
1.510721
-0.216031
1.512031
-0.359171
1.514167
-0.501270
1.516220
-0.642472
1.517003
0.641650
1.657415
0.500082
1.657133
0.357963
1.655915
0.215145
1.654561
0.071783
1.653710
-0.071783
1.653710
-0.215145
1.654561
-0.357963
1.655915
-0.500082
1.657133
-0.641650
1.657415
0.640976
1.798244
0.499177
1.798224
0.357055
1.797541
0.214481
1.796715
0.071540
1.796179
-0.071540
1.796179
-0.214481
1.796715
-0.357055
1.797541
-0.499177
1.798224
-0.640976
1.798244
0.640459
1.939328
0.498520
1.939428
0.356403
1.939075
0.214003
1.938593
0.071365
1.938269
-0.071365
1.938269
-0.214003
1.938593
-0.356403
1.939075
-0.498520
1.939428
-0.640459
1.939328
0.640082
2.080563
0.498062
2.080703
0.355952
2.080544
0.213673
2.080279
0.071244
2.080092
-0.071244
2.080092
-0.213673
2.080279
-0.355952
2.080544
-0.498062
2.080703
-0.640082
2.080563
0.639817
2.221881
0.497753
2.222020
0.355651
2.221968
0.213452
2.221835
0.071163
2.221734
-0.071163
2.221734
-0.213452
2.221835
-0.355651
2.221968
-0.497753
2.222020
-0.639817
2.221881
0.639638
2.363240
0.497553
2.363361
0.355457
2.363363
0.213309
2.363306
0.071110
2.363257
-0.071110
2.363257
-0.213309
2.363306
-0.355457
2.363363
-0.497553
2.363361
-0.639638
2.363240
0.639521
2.504618
0.497427
2.504714
0.355336
2.504740
0.213221
2.504725
0.071077
2.504704
-0.071077
2.504704
-0.213221
2.504725
-0.355336
2.504740
-0.497427
2.504714
-0.639521
2.504618
0.639448
2.646000
0.497351
2.646073
0.355264
2.646106
0.213168
2.646111
0.071058
2.646106
-0.071058
2.646106
-0.213168
2.646111
-0.355264
2.646106
-0.497351
2.646073
-0.639448
2.646000
0.639403
2.787381
0.497308
2.787433
0.355224
2.787465
0.213138
2.787478
0.071047
2.787481
-0.071047
2.787481
-0.213138
2.787478
-0.355224
2.787465
-0.497308
2.787433
-0.639403
2.787381
0.639378
2.928758
0.497285
2.928794
0.355203
2.928821
0.213122
2.928836
0.071041
2.928842
-0.071041
2.928842
-0.213122
2.928836
-0.355203
2.928821
-0.497285
2.928794
-0.639378
2.928758
0.639364
3.070130
0.497274
3.070154
0.355193
3.070176
0.213115
3.070189
0.071038
3.070196
-0.071038
3.070196
-0.213115
3.070189
-0.355193
3.070176
-0.497274
3.070154
-0.639364
3.070130
0.639357
3.211498
0.497270
3.211513
0.355190
3.211529
0.213113
3.211541
0.071037
3.211546
-0.071037
3.211546
-0.213113
3.211541
-0.355190
3.211529
-0.497270
3.211513
-0.639357
3.211498
0.639355
3.352862
0.497270
3.352872
0.355189
3.352883
0.213112
3.352892
0.071037
3.352896
-0.071037
3.352896
-0.213112
3.352892
-0.355189
3.352883
-0.497270
3.352872
-0.639355
3.352862
0.639354
3.494223
0.497271
3.494229
0.355191
3.494237
0.213113
3.494243
0.071038
3.494247
-0.071038
3.494247
-0.213113
3.494243
-0.355191
3.494237
-0.497271
3.494229
-0.639354
3.494223
0.639355
3.635582
0.497273
3.635585
0.355193
3.635591
0.213115
3.635595
0.071038
3.635598
-0.071038
3.635598
-0.213115
3.635595
-0.355193
3.635591
-0.497273
3.635585
-0.639355
3.635582
0.639356
3.776940
0.497274
3.776942
0.355195
3.776945
0.213116
3.776948
0.071039
3.776950
-0.071039
3.776950
-0.213116
3.776948
-0.355195
3.776945
-0.497274
3.776942
-0.639356
3.776940
0.639357
3.918297
0.497276
3.918297
0.355196
3.918299
0.213117
3.918301
0.071039
3.918303
-0.071039
3.918303
-0.213117
3.918301
-0.355196
3.918299
-0.497276
3.918297
-0.639357
3.918297
0.639358
4.059653
0.497277
4.059653
0.355197
4.059654
0.213118
4.059655
0.071039
4.059656
-0.071039
4.059656
-0.213118
4.059655
-0.355197
4.059654
-0.497277
4.059653
-0.639358
4.059653
0.639358
4.201008
0.497278
4.201008
0.355198
4.201009
0.213119
4.201010
0.071040
4.201010
-0.071040
4.201010
-0.213119
4.201010
-0.355198
4.201009
-0.497278
4.201008
-0.639358
4.201008
0.639359
4.342364
0.497279
4.342363
0.355199
4.342364
0.213119
4.342364
0.071040
4.342364
-0.071040
4.342364
-0.213119
4.342364
-0.355199
4.342364
-0.497279
4.342363
-0.639359
4.342364
0.639359
4.483719
0.497279
4.483719
0.355199
4.483719
0.213119
4.483719
0.071040
4.483719
-0.071040
4.483719
-0.213119
4.483719
-0.355199
4.483719
-0.497279
4.483719
-0.639359
4.483719
0.639360
4.625074
0.497280
4.625074
0.355200
4.625074
0.213120
4.625074
0.071040
4.625074
-0.071040
4.625074
-0.213120
4.625074
-0.355200
4.625074
-0.497280
4.625074
-0.639360
4.625074
0.639360
4.766429
0.497280
4.766429
0.355200
4.766429
0.213120
4.766429
0.071040
4.766429
-0.071040
4.766429
-0.213120
4.766429
-0.355200
4.766429
-0.497280
4.766429
-0.639360
4.766429
0.639360
4.907784
0.497280
4.907784
0.355200
4.907784
0.213120
4.907784
0.071040
4.907784
-0.071040
4.907784
-0.213120
4.907784
-0.355200
4.907784
-0.497280
4.907784
-0.639360
4.907784
0.639360
5.049139
0.497280
5.049139
0.355200
5.049139
0.213120
5.049139
0.071040
5.049139
-0.071040
5.049139
-0.213120
5.049139
-0.355200
5.049139
-0.497280
5.049139
-0.639360
5.049139
0.639360
5.190494
0.497280
5.190494
0.355200
5.190494
0.213120
5.190494
0.071040
5.190494
-0.071040
5.190494
-0.213120
5.190494
-0.355200
5.190494
-0.497280
5.190494
-0.639360
5.190494
0.639360
5.331849
0.497280
5.331849
0.355200
5.331849
0.213120
5.331849
0.071040
5.331849
-0.071040
5.331849
-0.213120
5.331849
-0.355200
5.331849
-0.497280
5.331849
-0.639360
5.331849
0.639360
5.473204
0.497280
5.473204
0.355200
5.473204
0.213120
5.473204
0.071040
5.473204
-0.071040
5.473204
-0.213120
5.473204
-0.355200
5.473204
-0.497280
5.473204
-0.639360
5.473204
0.639360
5.614559
0.497280
5.614559
0.355200
5.614559
0.213120
5.614559
0.071040
5.614559
-0.071040
5.614559
-0.213120
5.614559
-0.355200
5.614559
-0.497280
5.614559
-0.639360
5.614559
0.639360
5.755915
0.497280
5.755915
0.355200
5.755915
0.213120
5.755915
0.071040
5.755915
-0.071040
5.755915
-0.213120
5.755915
-0.355200
5.755915
-0.497280
5.755915
-0.639360
5.755915
0.639360
5.897270
0.497280
5.897270
0.355200
5.897270
0.213120
5.897270
0.071040
5.897270
-0.071040
5.897270
-0.213120
5.897270
-0.355200
5.897270
-0.497280
5.897270
-0.639360
5.897270
0.639360
6.038625
0.497280
6.038625
0.355200
6.038625
0.213120
6.038625
0.071040
6.038625
-0.071040
6.038625
-0.213120
6.038625
-0.355200
6.038625
-0.497280
6.038625
-0.639360
6.038625
0.639360
6.179980
0.497280
6.179980
0.355200
6.179980
0.213120
6.179980
0.071040
6.179980
-0.071040
6.179980
-0.213120
6.179980
-0.355200
6.179980
-0.497280
6.179980
-0.639360
6.179980
0.639360
6.321335
0.497280
6.321335
0.355200
6.321335
0.213120
6.321335
0.071040
6.321335
-0.071040
6.321335
-0.213120
6.321335
-0.355200
6.321335
-0.497280
6.321335
-0.639360
6.321335
0.639360
6.462690
0.497280
6.462690
0.355200
6.462690
0.213120
6.462690
0.071040
6.462690
-0.071040
6.462690
-0.213120
6.462690
-0.355200
6.462690
-0.497280
6.462690
-0.639360
6.462690
0.639360
6.604045
0.497280
6.604045
0.355200
6.604045
0.213120
6.604045
0.071040
6.604045
-0.071040
6.604045
-0.213120
6.604045
-0.355200
6.604045
-0.497280
6.604045
-0.639360
6.604045
0.639360
6.745400
0.497280
6.745400
0.355200
6.745400
0.213120
6.745400
0.071040
6.745400
-0.071040
6.745400
-0.213120
6.745400
-0.355200
6.745400
-0.497280
6.745400
-0.639360
6.745400
